Nama TPS,ID Kelurahan,Suara 01,Suara 02,Suara Sah
TABA TERUNJAM 1,20805,88,105,193
TABA TERUNJAM 2,20805,70,138,208
TABA TERUNJAM 3,20805,101,89,190
TALANG EMPAT 1,20806,125,83,208
TALANG EMPAT 2,20806,145,83,228
TALANG EMPAT 3,20806,142,81,223
PADANG TAMBAK 1,20807,64,196,260
PADANG TAMBAK 2,20807,100,149,249
DURIAN DEMANG 1,20808,73,125,198
DURIAN DEMANG 2,20808,80,98,178
DURIAN DEMANG 4,20808,76,119,195
DURIAN DEMANG 5,20808,93,134,227
PELAJAU 1,20809,63,128,191
PELAJAU 2,20809,48,99,147
DUSUN BARU II 1,20811,98,147,245
DUSUN BARU II 2,20811,116,110,226
DUSUN BARU II 3,20811,133,113,246
PENANDING 1,20812,97,77,174
PENANDING 2,20812,150,115,265
PENANDING 3,20812,61,180,241
KARANG TINGGI 2,20813,74,137,211
KARANG TINGGI 4,20813,68,133,201
KARANG TINGGI 5,20813,68,131,199
RENAH LEBAR 1,20814,55,105,160
RENAH LEBAR 2,20814,27,120,147
KANCING 1,20815,79,110,189
KANCING 2,20815,88,61,149
UJUNG KARANG 1,20816,131,97,228
UJUNG KARANG 2,20816,111,130,241
UJUNG KARANG 3,20816,90,125,215
TABA MUTUNG 1,20817,58,76,134
TABA MUTUNG 2,20817,72,63,135
SEMIDANG 1,84773,54,63,117
SEMIDANG 2,84773,61,72,133
RENAH SEMANEK 1,84774,77,147,224
RENAH SEMANEK 2,84774,67,182,249
PAGAR GUNUNG 1,87767,66,66,132
GAJAH MATI 1,87768,97,87,184
GAJAH MATI 2,87768,90,56,146
AIR SEBAKUL 1,20819,133,61,194
AIR SEBAKUL 2,20819,128,45,173
AIR SEBAKUL 3,20819,151,49,200
AIR SEBAKUL 4,20819,123,48,171
AIR SEBAKUL 5,20819,157,60,217
LAGAN BUNGIN 1,20820,117,62,179
LAGAN BUNGIN 2,20820,52,157,209
TABA PASMAH 1,20822,123,106,229
TABA PASMAH 2,20822,103,116,219
TABA PASMAH 3,20822,91,119,210
KEMBANG SERI 1,20823,67,115,182
KEMBANG SERI 2,20823,93,130,223
KEMBANG SERI 3,20823,94,106,200
KEMBANG SERI 4,20823,91,127,218
KEMBANG SERI 5,20823,79,132,211
KEMBANG SERI 6,20823,93,129,222
KEMBANG SERI 7,20823,102,144,246
KEMBANG SERI 8,20823,82,143,225
TENGAH PADANG 1,20824,88,113,201
TENGAH PADANG 2,20824,98,133,231
TENGAH PADANG 3,20824,113,101,214
TENGAH PADANG 4,20824,99,134,233
JAYAKARTA 1,20825,150,97,247
JAYAKARTA 2,20825,181,43,224
NAKAU 1,20826,125,61,186
NAKAU 2,20826,118,94,212
NAKAU 3,20826,161,79,240
PULAU PANGGUNG 1,20827,104,142,246
PULAU PANGGUNG 2,20827,81,163,244
PULAU PANGGUNG 3,20827,76,119,195
LAGAN 1,20828,58,128,186
LAGAN 2,20828,57,30,87
TABA LAGAN 1,20829,108,70,178
TABA LAGAN 2,20829,129,102,231
TABA LAGAN 3,20829,165,68,233
BUKIT 1,20831,110,98,208
BUKIT 2,20831,93,87,180
BUKIT 3,20831,93,3,96
PAGAR JATI 1,83979,116,34,150
PAGAR JATI 2,83979,97,45,142
PADANG ULAK TANJUNG 1,83981,89,15,104
PADANG ULAK TANJUNG 2,83981,104,78,182
PADANG ULAK TANJUNG 3,83981,78,65,143
JUM'AT 1,84775,96,61,157
JUM'AT 2,84775,136,25,161
AIR PUTIH 1,89239,158,62,220
AIR PUTIH 2,89239,111,72,183
TALANG PAUH 1,20841,91,112,203
TALANG PAUH 3,20841,67,107,174
TALANG PAUH 4,20841,80,90,170
TALANG PAUH 5,20841,113,84,197
TALANG PAUH 6,20841,115,124,239
SRIKATON 1,20842,108,98,206
SRIKATON 2,20842,120,73,193
SRIKATON 3,20842,123,79,202
PEKIK NYARING 1,20843,117,83,200
PEKIK NYARING 2,20843,74,113,187
PEKIK NYARING 3,20843,103,84,187
PEKIK NYARING 4,20843,66,72,138
PEKIK NYARING 5,20843,104,96,200
PEKIK NYARING 6,20843,155,94,249
PEKIK NYARING 7,20843,144,75,219
PEKIK NYARING 8,20843,100,85,185
PEKIK NYARING 9,20843,165,95,260
PEKIK NYARING 10,20843,156,87,243
PEKIK NYARING 11,20843,116,97,213
PEKIK NYARING 12,20843,115,100,215
PEKIK NYARING 13,20843,146,58,204
PASAR PEDATI 1,20844,109,105,214
PASAR PEDATI 2,20844,84,144,228
PASAR PEDATI 3,20844,126,90,216
PASAR PEDATI 4,20844,96,76,172
PASAR PEDATI 5,20844,54,47,101
PASAR PEDATI 6,20844,147,95,242
PASAR PEDATI 7,20844,80,85,165
PASAR PEDATI 8,20844,88,112,200
PASAR PEDATI 9,20844,127,105,232
PASAR PEDATI 10,20844,135,97,232
PASAR PEDATI 11,20844,76,109,185
PASAR PEDATI 12,20844,73,35,108
PASAR PEDATI 13,20844,88,88,176
PASAR PEDATI 14,20844,131,106,237
SUNDA KELAPA 1,20845,123,78,201
SUNDA KELAPA 2,20845,224,34,258
SUNDA KELAPA 3,20845,117,69,186
SUNDA KELAPA 4,20845,142,28,170
PONDOK KELAPA 1,20846,113,101,214
PONDOK KELAPA 2,20846,99,100,199
PONDOK KELAPA 3,20846,125,81,206
PONDOK KELAPA 4,20846,111,78,189
PONDOK KELAPA 5,20846,99,126,225
PONDOK KELAPA 6,20846,69,115,184
PONDOK KELAPA 7,20846,69,39,108
PONDOK KELAPA 8,20846,76,76,152
PONDOK KELAPA 9,20846,83,129,212
PONDOK KELAPA 10,20846,57,138,195
PONDOK KELAPA 11,20846,102,88,190
PONDOK KELAPA 12,20846,78,32,110
PONDOK KELAPA 13,20846,80,67,147
PADANG BETUAH 1,20847,124,128,252
PADANG BETUAH 2,20847,113,130,243
PADANG BETUAH 3,20847,119,49,168
PADANG BETUAH 4,20847,71,100,171
SIDOREJO 1,20848,104,53,157
SIDOREJO 2,20848,75,76,151
SIDOREJO 3,20848,148,91,239
SIDOREJO 4,20848,149,69,218
SIDOREJO 5,20848,133,82,215
SIDOREJO 6,20848,135,45,180
SIDODADI 1,20849,167,47,214
SIDODADI 2,20849,94,94,188
SIDODADI 3,20849,157,47,204
SIDODADI 4,20849,170,23,193
SIDODADI 5,20849,147,64,211
SIDODADI 6,20849,90,101,191
SIDODADI 7,20849,162,54,216
TALANG BOSENG 1,20850,94,120,214
TALANG BOSENG 2,20850,90,110,200
PAGAR DEWA 1,20851,54,68,122
PAGAR DEWA 2,20851,75,63,138
KEMBANG AYUN 1,20852,123,126,249
KEMBANG AYUN 2,20852,106,78,184
PANCA MUKTI 1,20853,161,51,212
PANCA MUKTI 2,20853,139,59,198
PANCA MUKTI 3,20853,141,62,203
PANCA MUKTI 4,20853,112,95,207
SRI KUNCORO 1,20854,113,92,205
SRI KUNCORO 2,20854,151,49,200
SRI KUNCORO 3,20854,152,53,205
SRI KUNCORO 4,20854,148,62,210
SRI KUNCORO 5,20854,125,81,206
BINTANG SELATAN 1,20855,34,105,139
BINTANG SELATAN 2,20855,49,120,169
ABU SAKIM 1,84776,96,94,190
ABU SAKIM 2,84776,139,48,187
ABU SAKIM 3,84776,171,16,187
HARAPAN 1,89232,181,75,256
HARAPAN 2,89232,172,83,255
HARAPAN 3,89232,44,162,206
HARAPAN 4,89232,54,146,200
ATURAN MUMPO 1,20858,75,105,180
ATURAN MUMPO 2,20858,69,74,143
TALANG TENGAH II 1,20859,46,123,169
TALANG TENGAH II 2,20859,53,115,168
KOTA TITIK 1,20860,28,96,124
KOTA TITIK 2,20860,28,96,124
SENABAH 1,20863,49,203,252
AIR KOTOK 1,20871,105,125,230
AIR KOTOK 2,20871,64,44,108
BATU BERIANG 1,20872,108,114,222
BATU BERIANG 2,20872,99,111,210
PEMATANG TIGA 1,20873,80,133,213
PEMATANG TIGA 2,20873,82,68,150
TIAMBANG 1,20874,55,113,168
TIAMBANG 2,20874,46,103,149
KEBUN LEBAR 1,20875,39,115,154
KEBUN LEBAR 2,20875,68,134,202
TANJUNG KEPAHYANG 1,20876,91,82,173
TANJUNG KEPAHYANG 2,20876,62,105,167
ATURAN MUMPO II 1,83973,40,218,258
ATURAN MUMPO II 2,83973,36,191,227
GENTING DABUK 1,83974,79,136,215
PEMATANG TIGA LAMA 1,83975,82,68,150
PEMATANG TIGA LAMA 2,83975,82,68,150
TEMIANG 1,20883,68,116,184
TEMIANG 2,20883,75,111,186
TABA RENAH 1,20885,72,145,217
KERTA PATI 1,20886,28,159,187
KERTA PATI 2,20886,30,161,191
KERTA PATI 3,20886,28,99,127
KERTA PATI 4,20886,11,73,84
PAGAR JATI 1,20887,35,125,160
PAGAR JATI 2,20887,56,99,155
KARANG ARE 1,20889,82,135,217
DATAR PENOKOT 1,20890,66,148,214
LAYANG LEKAT 1,20891,37,94,131
TUMBUK 1,20892,34,103,137
TUMBUK 2,20892,46,89,135
TALANG CURUP 1,20893,53,125,178
RENA KANDIS 1,20894,43,108,151
RENA KANDIS 2,20894,49,97,146
ARGA INDAH I 1,20895,107,48,155
ARGA INDAH I 2,20895,119,47,166
KEROYA 1,83970,130,129,259
KEROYA 2,83970,89,147,236
KERTAPATI MUDIK 2,83971,35,153,188
KERTAPATI MUDIK 3,83971,37,122,159
TABA PENANJUNG 1,20900,28,154,182
TABA PENANJUNG 2,20900,56,141,197
TABA PENANJUNG 3,20900,45,146,191
TABA PENANJUNG 4,20900,28,154,182
KOTA NIUR 1,20901,104,98,202
KOTA NIUR 2,20901,96,57,153
TANJUNG RAMAN 1,20902,36,134,170
TANJUNG RAMAN 2,20902,50,123,173
SUKARAMI 1,20903,115,126,241
SUKARAMI 2,20903,92,148,240
SUKARAMI 3,20903,74,178,252
SUKARAMI 4,20903,77,129,206
SUKARAMI 5,20903,78,140,218
KARANG TENGAH 1,20904,79,141,220
LUBUK SINI 1,20905,66,99,165
LUBUK SINI 2,20905,83,123,206
LUBUK SINI 3,20905,81,154,235
LUBUK SINI 4,20905,77,96,173
TABA TERET 1,20907,85,104,189
TABA TERET 2,20907,64,107,171
TABA TERET 3,20907,54,109,163
SURAU 1,20908,49,136,185
SURAU 2,20908,71,94,165
RINDU HATI 1,20909,87,101,188
RINDU HATI 2,20909,74,103,177
RINDU HATI 3,20909,116,78,194
RINDU HATI 4,20909,118,56,174
TANJUNG HERAN 1,20910,58,119,177
TANJUNG HERAN 2,20910,92,112,204
DATAR LEBAR 1,20911,75,105,180
DATAR LEBAR 2,20911,27,94,121
PENUM 1,20912,71,106,177
PENUM 2,20912,49,83,132
BAJAK I 1,20920,110,159,269
BAJAK I 2,20920,108,111,219
BAJAK I 3,20920,108,125,233
BAJAK I 4,20920,43,98,141
BAJAK I 5,20920,63,87,150
PUNGGUK KETUPAK 1,20906,116,117,233
JAMBU 1,20913,78,108,186
JAMBU 2,20913,72,114,186
JAMBU 3,20913,86,104,190
JAMBU 4,20913,87,117,204
KELINDANG 1,20914,72,71,143
KELINDANG 2,20914,78,61,139
ULAK LEBAR 1,20915,135,88,223
PENEMBANG 1,20916,82,155,237
PENEMBANG 2,20916,79,147,226
PUNGGUK BERINGIN 1,20917,84,156,240
LUBUK UNEN 1,20918,77,125,202
LUBUK UNEN 2,20918,79,122,201
LUBUK UNEN 3,20918,68,98,166
TABA DURIAN SEBAKUL 1,20919,50,107,157
TABA DURIAN SEBAKUL 2,20919,86,71,157
BAJAK II 1,20922,80,102,182
BAJAK II 2,20922,92,98,190
LUBUK UNEN BARU 1,83920,82,139,221
LUBUK UNEN BARU 2,83920,92,148,240
TALANG AMBUNG 1,84777,34,67,101
PUNJUNG 1,20878,53,119,172
PUNJUNG 2,20878,75,93,168
KOMERING 1,20879,101,108,209
KOMERING 2,20879,119,101,220
LUBUK PUAR 1,20880,84,32,116
KARANG PANGGUNG 1,20881,42,76,118
LUBUK PENDAM 1,20882,64,165,229
CURUP 1,20884,93,96,189
RAJAK BESI 1,20888,33,159,192
RAJAK BESI 2,20888,44,103,147
ARGA INDAH II 1,20897,106,52,158
ARGA INDAH II 2,20897,100,90,190
ARGA INDAH II 3,20897,112,67,179
SUSUP 1,20898,47,122,169
BAJAK TIGA 1,83931,95,133,228
DURIAN LEBAR 1,83934,63,64,127
DURIAN LEBAR 2,83934,83,105,188
TABA GEMANTUNG 1,83942,87,101,188
PAGAR BESI 1,84782,76,75,151
PAGAR BESI 2,84782,30,63,93
DUSUN BARU I 1,20821,137,108,245
DUSUN BARU I 2,20821,136,59,195
HARAPAN MAKMUR 1,20830,183,61,244
HARAPAN MAKMUR 2,20830,185,73,258
HARAPAN MAKMUR 3,20830,177,39,216
TANJUNG TERDANA 1,20833,86,108,194
TANJUNG TERDANA 2,20833,75,102,177
TANJUNG TERDANA 3,20833,132,106,238
DUSUN ANYAR 1,20834,31,92,123
PONDOK KUBANG 1,20835,86,107,193
PONDOK KUBANG 2,20835,70,137,207
PONDOK KUBANG 3,20835,45,172,217
TANJUNG DALAM 1,20836,27,134,161
PAKU HAJI 1,20837,86,94,180
PAKU HAJI 2,20837,64,88,152
BATU RAJA 1,20838,46,208,254
BATU RAJA 2,20838,83,161,244
TALANG TENGAH I 1,20839,52,91,143
TALANG TENGAH I 2,20839,74,77,151
LINGGAR GALING 1,20840,158,84,242
LINGGAR GALING 2,20840,141,101,242
LINGGAR GALING 3,20840,150,27,177
TABA JAMBU 1,84783,97,131,228
TABA JAMBU 2,84783,90,116,206
TABA JAMBU 3,84783,86,104,190
TABA JAMBU 4,84783,61,42,103
MARGO MULYO 1,89284,145,56,201
MARGO MULYO 3,89284,155,33,188
MARGO MULYO 4,89284,176,41,217
AIR NAPAL 2,83907,136,120,256
GENTING 1,83908,173,39,212
LUBUK LANGKAP 1,83909,79,81,160
LUBUK LANGKAP 2,83909,124,65,189
PADANG BERUNAI 2,83910,96,79,175
SEKAYUN 1,83912,99,114,213
SEKAYUN 2,83912,127,99,226
SEKAYUN MUDIK 1,83913,89,112,201
SEKAYUN MUDIK 2,83913,94,105,199
SEKAYUN MUDIK 3,83913,61,80,141
TABA TENGAH 1,83914,85,152,237
TALANG DONOK 1,83915,94,67,161
TALANG DONOK 2,83915,117,75,192
TALANG DONOK 3,83915,99,43,142
TALANG PANJANG 1,83916,147,70,217
SEKAYUN HILIR 1,84784,103,146,249
SUNGKAI BERAYUN 1,84786,62,153,215
BANG HAJI 1,89238,98,143,241
BANG HAJI 2,89238,103,100,203
BATU AMPAR 1,20925,84,70,154
BATU AMPAR 2,20925,114,53,167
BATU AMPAR 3,20925,78,57,135
RANTAU SIALANG 1,20926,123,85,208
RANTAU SIALANG 2,20926,106,37,143
BUMI AGUNG 1,20927,103,46,149
BUMI AGUNG 2,20927,37,90,127
PALAK SIRING 1,20928,24,146,170
PALAK SIRING 2,20928,37,108,145
PALAK SIRING 3,20928,48,121,169
PALAK SIRING 4,20928,43,101,144
KEBAN AGUNG I 1,20929,46,118,164
KEBAN AGUNG I 2,20929,23,62,85
KEBAN AGUNG I 3,20929,76,46,122
KEBAN AGUNG II 1,20930,59,69,128
KEBAN AGUNG II 2,20930,60,81,141
KEBAN AGUNG II 3,20930,60,78,138
TANJUNG ALAM 1,20931,96,70,166
TANJUNG ALAM 2,20931,67,60,127
TANJUNG ALAM 3,20931,48,72,120
TANJUNG ALAM 4,20931,73,56,129
TANJUNG NEGARA 1,20932,66,68,134
TANJUNG NEGARA 2,20932,68,83,151
KEBAN AGUNG III 1,20933,57,77,134
KEBAN AGUNG III 2,20933,75,55,130
SUKA NANTI 1,20934,55,66,121
SUKA NANTI 2,20934,69,74,143
MUARA TIGA 1,20935,131,71,202
MUARA TIGA 2,20935,64,34,98
TANJUNG BESAR 1,20936,65,37,102
TANJUNG BESAR 2,20936,41,63,104
PAJAR BULAN 1,20937,34,80,114
PAJAR BULAN 2,20937,85,69,154
PAJAR BULAN 3,20937,56,61,117
DURIAN SEBATANG 1,20938,107,41,148
DURIAN SEBATANG 2,20938,104,53,157
DURIAN SEBATANG 3,20938,30,89,119
DURIAN SEBATANG 4,20938,42,79,121
DURIAN SEBATANG 5,20938,58,115,173
LAWANG AGUNG 1,20939,127,28,155
LAWANG AGUNG 2,20939,110,41,151
LAWANG AGUNG 3,20939,95,25,120
LAWANG AGUNG 4,20939,91,35,126
LAWANG AGUNG 5,20939,106,26,132
NANTI AGUNG 1,20940,67,66,133
NANTI AGUNG 2,20940,68,76,144
KARANG AGUNG 1,20941,74,90,164
KARANG AGUNG 2,20941,47,70,117
KARANG AGUNG 3,20941,61,99,160
LUBUK RESAM 1,20942,131,69,200
LUBUK RESAM 2,20942,99,41,140
MUARA TIGA ILIR 1,20943,74,31,105
MUARA TIGA ILIR 2,20943,55,50,105
PASAR BARU 1,20945,75,72,147
PASAR BARU 2,20945,88,47,135
PASAR BARU 3,20945,86,45,131
PASAR BARU 4,20945,59,44,103
PADANG LEBAR 1,20946,91,10,101
SUKARAJA 1,20947,111,82,193
SUKARAJA 2,20947,102,81,183
SUKARAJA 3,20947,131,50,181
TANJUNG MENANG 1,20948,110,21,131
TANJUNG MENANG 2,20948,97,22,119
TANJUNG MENANG 3,20948,110,19,129
DARAT SAWAH ILIR 1,20949,115,52,167
DARAT SAWAH ILIR 2,20949,115,34,149
DARAT SAWAH ILIR 3,20949,104,49,153
DARAT SAWAH ILIR 4,20949,106,12,118
DARAT SAWAH ILIR 5,20949,72,30,102
DARAT SAWAH ILIR 6,20949,147,32,179
DARAT SAWAH ILIR 7,20949,100,40,140
DARAT SAWAH ILIR 8,20949,99,33,132
KOTA AGUNG 1,20950,69,44,113
KOTA AGUNG 2,20950,86,22,108
KOTA AGUNG 3,20950,106,10,116
BABATAN ILIR 1,20951,105,67,172
BABATAN ILIR 2,20951,125,76,201
BABATAN ULU 1,20952,57,35,92
BABATAN ULU 2,20952,66,23,89
BABATAN ULU 3,20952,116,41,157
BABATAN ULU 4,20952,73,56,129
MUARA DANAU 1,20953,78,38,116
MUARA DANAU 2,20953,102,38,140
GUNUNG AYU II 1,20954,128,35,163
GUNUNG AYU II 2,20954,123,30,153
GUNUNG AYU II 3,20954,134,27,161
MUARA PULUTAN 1,20955,114,57,171
MUARA PULUTAN 2,20955,90,43,133
MUARA PULUTAN 3,20955,66,82,148
MUARA PULUTAN 4,20955,109,46,155
MUARA PULUTAN 5,20955,98,34,132
KOTA BUMI BARU 1,20956,121,45,166
KOTA BUMI BARU 2,20956,104,53,157
KOTA BUMI BARU 3,20956,76,35,111
SINDANG BULAN 1,20957,140,46,186
SINDANG BULAN 2,20957,113,52,165
MUARA PAYANG 1,20958,64,48,112
MUARA PAYANG 2,20958,122,38,160
MUARA PAYANG 3,20958,99,47,146
MUARA PAYANG 4,20958,68,71,139
DURIAN SEGINIM 1,20959,52,45,97
DURIAN SEGINIM 2,20959,82,93,175
DURIAN SEGINIM 3,20959,63,111,174
DURIAN SEGINIM 4,20959,98,74,172
DURIAN SEGINIM 5,20959,74,72,146
BANDING AGUNG 1,20960,78,129,207
BANDING AGUNG 2,20960,81,70,151
BANDING AGUNG 3,20960,77,60,137
PAJAR BULAN 1,20961,98,70,168
PAJAR BULAN 2,20961,112,67,179
DUSUN TENGAH 1,20962,74,79,153
DUSUN TENGAH 2,20962,77,49,126
DUSUN TENGAH 3,20962,73,47,120
PADANG SIRING 1,20963,99,52,151
PADANG SIRING 2,20963,69,77,146
PADANG SIRING 3,20963,68,59,127
DARAT SAWAH ULU 1,20964,154,46,200
DARAT SAWAH ULU 2,20964,112,35,147
DARAT SAWAH ULU 3,20964,82,30,112
DARAT SAWAH ULU 4,20964,128,27,155
TANJUNG AGUNG 1,20965,122,43,165
TANJUNG AGUNG 2,20965,120,54,174
DUSUN BARU 1,20966,98,55,153
DUSUN BARU 2,20966,77,84,161
MASAT 1,20968,70,111,181
MASAT 2,20968,83,126,209
MASAT 3,20968,111,109,220
MASAT 4,20968,118,94,212
MASAT 5,20968,84,21,105
TANJUNG AUR I 1,20969,113,114,227
TANJUNG AUR I 2,20969,55,137,192
ANGGUT 1,20970,63,77,140
ANGGUT 2,20970,55,90,145
TANJUNG ERAN 1,20971,92,104,196
TANJUNG ERAN 2,20971,165,81,246
PADANG LEBAR 1,20972,94,146,240
PADANG LEBAR 2,20972,105,133,238
PADANG LEBAR 3,20972,78,136,214
GEDUNG AGUNG 1,20973,82,101,183
GEDUNG AGUNG 2,20973,96,120,216
GEDUNG AGUNG 3,20973,151,46,197
BATU BANDUNG 1,20974,58,94,152
BATU BANDUNG 2,20974,53,73,126
ULAK LEBAR 1,20975,99,110,209
ULAK LEBAR 2,20975,90,105,195
ULAK LEBAR 3,20975,95,92,187
ULAK LEBAR 4,20975,81,88,169
ULAK LEBAR 5,20975,98,111,209
KOTA BUMI 1,20976,123,42,165
KOTA BUMI 2,20976,59,28,87
AIR UMBAN 1,20977,96,117,213
AIR UMBAN 2,20977,109,104,213
AIR UMBAN 3,20977,102,113,215
SEBILO 1,20978,100,56,156
SEBILO 2,20978,127,37,164
GANJUH 1,20979,125,52,177
GANJUH 2,20979,75,20,95
GANJUH 3,20979,90,51,141
PUDING 1,20980,116,66,182
PUDING 2,20980,70,118,188
PUDING 3,20980,142,95,237
PADANG TAMBAK 1,20981,64,129,193
PADANG TAMBAK 2,20981,79,94,173
PADANG MUMPO 1,20982,127,94,221
PADANG MUMPO 2,20982,110,60,170
BERINGIN DATAR 1,20983,79,84,163
BERINGIN DATAR 2,20983,84,78,162
KAYU KUNYIT 1,20985,73,195,268
KAYU KUNYIT 2,20985,86,133,219
KAYU KUNYIT 3,20985,90,139,229
KAYU KUNYIT 4,20985,62,184,246
KAYU KUNYIT 5,20985,60,183,243
TANJUNG RAMAN 1,20986,90,118,208
TANJUNG RAMAN 2,20986,85,109,194
TANJUNG BESAR 1,20987,100,120,220
TANJUNG BESAR 2,20987,86,127,213
MANGGUL 1,20988,62,71,133
MANGGUL 2,20988,61,71,132
TERULUNG 1,20989,108,134,242
TERULUNG 2,20989,109,104,213
KETAPING 1,20990,125,127,252
KETAPING 2,20990,89,125,214
KETAPING 3,20990,66,143,209
KETAPING 4,20990,104,127,231
KETAPING 5,20990,129,111,240
LUBUK SIRIH ULU 1,20991,167,94,261
LUBUK SIRIH ILIR 1,20992,120,86,206
LUBUK SIRIH ILIR 2,20992,127,86,213
LUBUK SIRIH ILIR 3,20992,149,82,231
KOTA PADANG 1,20993,116,87,203
KOTA PADANG 2,20993,106,90,196
MELAO 1,20994,84,55,139
MELAO 2,20994,86,85,171
GUNUNG SAKTI 1,20995,101,76,177
GUNUNG SAKTI 2,20995,115,75,190
JERANGLAH RENDAH 1,20996,123,91,214
JERANGLAH RENDAH 2,20996,148,57,205
JERANGLAH TINGGI 1,20997,109,101,210
JERANGLAH TINGGI 2,20997,127,97,224
JERANGLAH TINGGI 3,20997,91,93,184
JERANGLAH TINGGI 4,20997,95,119,214
KEMBANG AYUN 1,20998,133,95,228
TAMBANGAN 1,20999,143,95,238
TAMBANGAN 2,20999,122,121,243
PADANG MANIS 1,21000,87,108,195
PADANG MANIS 2,21000,99,88,187
PADANG PANDAN 1,21001,104,106,210
PADANG PANDAN 2,21001,146,79,225
PADANG PANDAN 3,21001,175,54,229
GUNUNG KEMBANG 1,21002,65,123,188
GUNUNG KEMBANG 2,21002,76,118,194
GUNUNG KEMBANG 3,21002,49,115,164
GUNUNG AYU I 1,21004,741,101,842
GUNUNG AYU I 2,21004,78,148,226
GUNUNG AYU I 3,21004,114,149,263
GUNUNG AYU I 4,21004,104,163,267
GUNUNG AYU I 5,21004,91,147,238
GUNUNG AYU I 6,21004,87,167,254
KOTA MEDAN 1,21005,74,179,253
KOTA MEDAN 2,21005,70,150,220
KOTA MEDAN 3,21005,74,200,274
KOTA MEDAN 4,21005,74,175,249
KOTA MEDAN 5,21005,77,199,276
KOTA MEDAN 6,21005,81,99,180
KOTA MEDAN 7,21005,113,162,275
KOTA MEDAN 8,21005,76,212,288
KOTA MEDAN 9,21005,100,159,259
KOTA MEDAN 10,21005,110,137,247
KOTA MEDAN 11,21005,71,177,248
KOTA MEDAN 12,21005,127,162,289
KOTA MEDAN 13,21005,89,131,220
KOTA MEDAN 14,21005,95,66,161
KAMPUNG BARU 1,21006,54,151,205
KAMPUNG BARU 2,21006,62,115,177
KAMPUNG BARU 3,21006,67,156,223
KAMPUNG BARU 4,21006,58,141,199
PASAR BARU 1,21007,64,120,184
PASAR BARU 2,21007,67,148,215
PASAR BARU 3,21007,84,150,234
PASAR BARU 4,21007,59,71,130
PASAR BARU 5,21007,56,109,165
PASAR BARU 6,21007,48,81,129
PASAR BARU 7,21007,32,93,125
PASAR BARU 8,21007,35,141,176
PASAR BARU 9,21007,45,116,161
PASAR BARU 10,21007,111,150,261
PASAR BARU 11,21007,50,92,142
PASAR BARU 12,21007,62,90,152
PASAR BARU 13,21007,58,179,237
PASAR BARU 14,21007,26,104,130
PASAR BARU 15,21007,44,127,171
IBUL 1,21008,94,152,246
IBUL 2,21008,105,121,226
IBUL 3,21008,115,166,281
IBUL 4,21008,89,174,263
IBUL 5,21008,115,141,256
IBUL 6,21008,55,106,161
IBUL 7,21008,93,138,231
IBUL 8,21008,707,171,878
IBUL 9,21008,48,80,128
IBUL 10,21008,70,171,241
IBUL 11,21008,92,146,238
IBUL 12,21008,124,104,228
IBUL 13,21008,78,51,129
IBUL 14,21008,82,99,181
PADANG KAPUK 1,21009,59,114,173
PADANG KAPUK 2,21009,55,146,201
PADANG KAPUK 3,21009,72,94,166
PADANG KAPUK 4,21009,82,105,187
PADANG KAPUK 5,21009,43,144,187
PADANG KAPUK 6,21009,80,152,232
PADANG KAPUK 7,21009,65,91,156
PADANG KAPUK 8,21009,81,154,235
PADANG KAPUK 9,21009,75,148,223
PADANG KAPUK 10,21009,86,185,271
PADANG KAPUK 11,21009,117,93,210
PADANG KAPUK 12,21009,70,184,254
PADANG KAPUK 13,21009,90,143,233
PADANG KAPUK 14,21009,38,161,199
PAGAR DEWA 1,21010,108,117,225
PAGAR DEWA 2,21010,112,122,234
PAGAR DEWA 3,21010,124,97,221
PAGAR DEWA 4,21010,129,105,234
PAGAR DEWA 5,21010,60,185,245
PAGAR DEWA 6,21010,102,129,231
PAGAR DEWA 7,21010,139,104,243
PADANG NIUR 1,21011,64,139,203
PADANG NIUR 2,21011,69,107,176
PADANG NIUR 3,21011,65,116,181
TEBAT KUBU 1,21012,91,114,205
TEBAT KUBU 2,21012,108,125,233
TEBAT KUBU 3,21012,73,153,226
TEBAT KUBU 4,21012,67,99,166
PADANG BERANGIN 1,21014,67,185,252
SELALI 1,21016,101,114,215
SELALI 2,21016,96,85,181
SELALI 3,21016,130,73,203
SELALI 4,21016,107,132,239
SELALI 5,21016,99,103,202
AIR KEMANG 1,21017,84,110,194
AIR KEMANG 2,21017,113,96,209
AIR KEMANG 3,21017,71,114,185
PASAR PINO 1,21018,106,151,257
PASAR PINO 2,21018,111,138,249
PASAR PINO 3,21018,49,88,137
PASAR PINO 4,21018,85,157,242
PASAR PINO 5,21018,111,98,209
PASAR PINO 6,21018,152,56,208
TANGGO RASO 1,21019,103,87,190
TANGGO RASO 2,21019,91,107,198
TANGGO RASO 3,21019,97,99,196
TANGGO RASO 4,21019,124,61,185
TALANG PADANG 1,21020,117,91,208
TALANG PADANG 2,21020,61,68,129
TALANG PADANG 3,21020,74,86,160
TUNGKAL I 1,21021,78,60,138
TUNGKAL I 2,21021,117,82,199
TUNGKAL I 3,21021,112,56,168
TUNGKAL I 4,21021,109,48,157
TUNGKAL II 1,21022,129,61,190
TUNGKAL II 2,21022,131,51,182
BANDUNG AYU 1,21023,158,56,214
BANDUNG AYU 2,21023,140,50,190
BANDUNG AYU 3,21023,156,63,219
NAPAL MELINTANG 1,21024,137,48,185
NAPAL MELINTANG 2,21024,120,49,169
SERANG BULAN 1,21025,130,40,170
SERANG BULAN 2,21025,114,65,179
SUKA BANDUNG 1,21026,165,57,222
SUKA BANDUNG 2,21026,91,49,140
PAGAR GADING 1,21027,109,82,191
PAGAR GADING 2,21027,74,94,168
PAGAR GADING 3,21027,113,64,177
PAGAR GADING 4,21027,123,65,188
CINTO MANDI 1,21028,86,31,117
CINTO MANDI 2,21028,88,13,101
KEMBANG SERI 1,21029,118,49,167
KEMBANG SERI 2,21029,115,32,147
KEMBANG SERI 3,21029,108,10,118
KARANG CAYO 1,21030,119,34,153
KARANG CAYO 2,21030,133,40,173
KARANG CAYO 3,21030,128,26,154
KARANG CAYO 4,21030,132,17,149
KARANG CAYO 5,21030,80,17,97
TANJUNG AUR 1,21031,160,92,252
TANJUNG AUR 2,21031,169,64,233
TANJUNG AUR 3,21031,211,47,258
TANJUNG AUR 4,21031,106,19,125
NANJUNGAN 1,21032,110,99,209
NANJUNGAN 2,21032,77,108,185
NANJUNGAN 3,21032,109,102,211
NANJUNGAN 4,21032,119,77,196
NANJUNGAN 5,21032,171,60,231
NANJUNGAN 6,21032,167,49,216
KEMANG MANIS 1,21033,80,104,184
KEMANG MANIS 2,21033,34,91,125
KEMANG MANIS 3,21033,68,169,237
PADANG BERIANG 1,21034,122,40,162
PADANG BERIANG 2,21034,71,85,156
PADANG BERIANG 3,21034,131,54,185
PADANG BERIANG 4,21034,102,43,145
PADANG SERASAN 1,21035,122,114,236
PADANG SERASAN 2,21035,102,87,189
PADANG SERASAN 3,21035,76,51,127
TELAGA DALAM 1,21036,109,40,149
TELAGA DALAM 2,21036,148,35,183
KARANG CAYA 1,21038,99,20,119
KARANG CAYA 2,21038,87,32,119
BETUNGAN 1,21039,96,36,132
BETUNGAN 2,21039,56,51,107
BETUNGAN 3,21039,62,77,139
PAGAR BANYU 1,21040,108,83,191
NANJUNGAN 1,21041,54,67,121
NANJUNGAN 2,21041,64,57,121
SUKARAMI I 1,21042,106,77,183
SUKARAMI I 2,21042,114,45,159
SUKARAMI I 3,21042,98,18,116
PADANG BINDU 1,21043,58,91,149
PADANG BINDU 2,21043,81,60,141
PENINDAIAN 1,21044,72,69,141
PENINDAIAN 2,21044,84,75,159
LIMUS 1,21045,121,31,152
LIMUS 2,21045,121,46,167
SUKARAJA 1,21046,125,59,184
LUBUK LADUNG 1,21047,88,73,161
LUBUK LADUNG 2,21047,84,40,124
LUBUK LADUNG 3,21047,86,66,152
LUBUK LADUNG 4,21047,67,29,96
LUBUK LADUNG 5,21047,80,44,124
LUBUK LADUNG 6,21047,111,70,181
AIR SULAU 1,21048,109,79,188
AIR SULAU 2,21048,82,69,151
AIR SULAU 3,21048,112,52,164
AIR SULAU 4,21048,107,41,148
AIR SULAU 5,21048,149,58,207
AIR SULAU 6,21048,84,28,112
AIR SULAU 7,21048,123,82,205
AIR SULAU 8,21048,101,48,149
SUKA JAYA 1,21049,97,68,165
SUKA JAYA 2,21049,94,44,138
SUKA JAYA 3,21049,89,53,142
KEBAN JATI 1,21051,101,32,133
KEBAN JATI 2,21051,82,42,124
TANJUNG BERINGIN 1,21052,123,24,147
TANJUNG BERINGIN 2,21052,92,37,129
TANJUNG BERINGIN 3,21052,162,37,199
TANJUNG BERINGIN 4,21052,140,35,175
SUKA NEGERI 1,21053,128,36,164
SUKA NEGERI 2,21053,119,25,144
SUKA NEGERI 3,21053,153,23,176
SUKA NEGERI 4,21053,133,30,163
SUKA NEGERI 5,21053,99,60,159
SUKA NEGERI 6,21053,106,30,136
SUKA NEGERI 7,21053,148,27,175
SUKA NEGERI 8,21053,149,23,172
SUKARAMI 1,21054,134,64,198
SUKARAMI 2,21054,99,45,144
SUKARAMI 3,21054,93,97,190
SUKARAMI 4,21054,107,78,185
SUKARAMI 5,21054,105,64,169
SUKARAMI 6,21054,116,32,148
PALAK BENGKERUNG 1,21055,125,70,195
PALAK BENGKERUNG 2,21055,51,71,122
PALAK BENGKERUNG 3,21055,99,22,121
PALAK BENGKERUNG 4,21055,144,45,189
PALAK BENGKERUNG 5,21055,137,26,163
PALAK BENGKERUNG 6,21055,101,51,152
PALAK BENGKERUNG 7,21055,114,43,157
PALAK BENGKERUNG 8,21055,154,14,168
SUKAMAJU 1,21056,121,87,208
SUKAMAJU 2,21056,142,40,182
SUKAMAJU 3,21056,162,24,186
SUKAMAJU 4,21056,116,25,141
SUKAMAJU 5,21056,84,41,125
SUKAMAJU 6,21056,52,38,90
PINO BARU 1,21057,136,20,156
PINO BARU 2,21057,137,24,161
PINO BARU 3,21057,140,34,174
PINO BARU 4,21057,134,18,152
PINO BARU 5,21057,116,30,146
PENANDINGAN 1,21058,97,59,156
PENANDINGAN 2,21058,97,40,137
SUKA BANDUNG 1,21059,100,73,173
MARAS 1,21060,130,69,199
MARAS 2,21060,137,37,174
MARAS 3,21060,114,63,177
MARAS 4,21060,119,44,163
BATU PANCO 1,21062,63,41,104
BATU KUNING 1,21063,78,141,219
BATU KUNING 2,21063,52,67,119
BATU KUNING 3,21063,81,98,179
BANDAR AGUNG 1,21064,96,83,179
BANDAR AGUNG 2,21064,142,53,195
BANDAR AGUNG 3,21064,105,46,151
BANDAR AGUNG 4,21064,107,65,172
BANDAR AGUNG 5,21064,78,24,102
MERAMBUNG 1,21065,74,71,145
MERAMBUNG 2,21065,135,92,227
SIMPANG PINO 1,21066,98,138,236
SIMPANG PINO 2,21066,129,60,189
SIMPANG PINO 3,21066,126,93,219
TALANG TINGGI 1,21067,131,41,172
TALANG TINGGI 2,21067,91,69,160
TALANG TINGGI 3,21067,101,54,155
TALANG TINGGI 4,21067,91,67,158
KEBAN JATI 1,21068,110,80,190
KEBAN JATI 2,21068,127,69,196
KEBAN JATI 3,21068,94,63,157
LUBUK TAPI 1,21069,87,94,181
LUBUK TAPI 2,21069,97,68,165
LUBUK TAPI 3,21069,115,54,169
LUBUK TAPI 4,21069,126,53,179
KAYU AJARAN 1,21070,214,33,247
KAYU AJARAN 2,21070,183,33,216
KAYU AJARAN 3,21070,192,25,217
AIR TENAM 1,21071,31,54,85
TUMBUK TEBING 1,21073,124,93,217
TUMBUK TEBING 2,21073,39,114,153
GUNUNG KAYO 1,21074,78,100,178
GUNUNG KAYO 2,21074,93,82,175
GINDOSULI 1,21075,78,82,160
GINDOSULI 2,21075,112,60,172
KURIPAN 1,21077,92,54,146
KURIPAN 2,21077,44,56,100
TANJUNG AUR 1,21081,72,147,219
TANJUNG AUR 2,21081,55,119,174
TANJUNG MULIA 1,21084,29,144,173
TANJUNG MULIA 2,21084,60,113,173
TANJUNG MULIA 3,21084,49,104,153
TANJUNG MULIA 4,21084,75,97,172
TANJUNG MULIA 5,21084,78,142,220
TANJUNG MULIA 6,21084,66,187,253
TANJUNG MULIA 7,21084,103,164,267
TANJUNG MULIA 8,21084,68,104,172
TANJUNG MULIA 9,21084,67,157,224
TANJUNG MULIA 10,21084,59,194,253
TANJUNG MULIA 11,21084,70,161,231
TANJUNG MULIA 12,21084,64,182,246
PASAR MULIA 1,21085,66,201,267
PASAR MULIA 2,21085,32,143,175
PASAR MULIA 3,21085,65,86,151
PASAR MULIA 4,21085,54,145,199
PASAR MULIA 5,21085,60,171,231
BELAKANG GEDUNG 1,21086,41,135,176
BELAKANG GEDUNG 2,21086,36,186,222
BELAKANG GEDUNG 3,21086,54,124,178
GUNUNG MESIR 1,21087,55,113,168
GUNUNG MESIR 2,21087,56,187,243
GUNUNG MESIR 3,21087,73,152,225
GUNUNG MESIR 4,21087,46,164,210
PADANG SIALANG 1,21088,67,176,243
PADANG SIALANG 2,21088,39,154,193
PADANG SIALANG 3,21088,39,116,155
PADANG SIALANG 4,21088,48,133,181
PADANG SIALANG 5,21088,34,82,116
PADANG SIALANG 6,21088,37,153,190
PADANG SIALANG 7,21088,74,177,251
PADANG SIALANG 8,21088,1,0,1
KETAPANG BESAR 1,21089,84,158,242
KETAPANG BESAR 2,21089,82,194,276
KETAPANG BESAR 3,21089,84,188,272
KETAPANG BESAR 4,21089,70,187,257
KETAPANG BESAR 5,21089,74,171,245
KETAPANG BESAR 6,21089,61,189,250
PASAR BAWAH 1,21090,125,133,258
PASAR BAWAH 2,21090,90,140,230
PASAR BAWAH 3,21090,77,107,184
PASAR BAWAH 4,21090,52,104,156
PASAR BAWAH 5,21090,43,168,211
PASAR BAWAH 6,21090,89,113,202
PASAR BAWAH 7,21090,49,168,217
PASAR BAWAH 8,21090,41,129,170
BATU KUNING 1,21091,90,125,215
BATU KUNING 2,21091,72,124,196
BATU LAMBANG 1,21092,111,132,243
BATU LAMBANG 2,21092,90,181,271
BATU LAMBANG 3,21092,100,161,261
KOTA PADANG 1,21095,29,140,169
KOTA PADANG 2,21095,50,157,207
KOTA PADANG 3,21095,32,135,167
KOTA PADANG 4,21095,45,132,177
KOTA PADANG 5,21095,72,102,174
KOTA PADANG 6,21095,29,116,145
KOTA PADANG 7,21095,43,85,128
BEDENG SS. 1,21096,30,141,171
BEDENG SS. 2,21096,36,131,167
BEDENG SS. 3,21096,52,70,122
BEDENG SS. 4,21096,27,68,95
DERATI 1,21098,22,127,149
DERATI 2,21098,14,119,133
DERATI 3,21098,16,158,174
DERATI 4,21098,13,148,161
TABA ANYAR 1,21099,34,130,164
TABA ANYAR 2,21099,16,122,138
TABA ANYAR 3,21099,28,152,180
SUKA RAMI 1,21100,49,147,196
SUKA RAMI 2,21100,41,135,176
SUKA RAMI 3,21100,49,128,177
LUBUK MUMPO 1,21101,23,189,212
LUBUK MUMPO 2,21101,29,151,180
LUBUK MUMPO 3,21101,31,141,172
LUBUK MUMPO 5,21101,23,146,169
LUBUK MUMPO 6,21101,33,98,131
LUBUK MUMPO 7,21101,15,80,95
DURIAN MAS 1,21102,36,147,183
DURIAN MAS 2,21102,56,98,154
DURIAN MAS 3,21102,51,127,178
DURIAN MAS 4,21102,62,131,193
DURIAN MAS 5,21102,25,158,183
DURIAN MAS 6,21102,48,133,181
TANJUNG GELANG 3,21104,32,60,92
PASAR PU TANDING 1,21106,73,143,216
PASAR PU TANDING 2,21106,76,109,185
PASAR PU TANDING 3,21106,54,145,199
PASAR PU TANDING 4,21106,61,143,204
PASAR PU TANDING 5,21106,56,107,163
PASAR PU TANDING 6,21106,49,124,173
KARANG BARU 1,21107,59,164,223
KARANG BARU 2,21107,48,158,206
KARANG BARU 3,21107,69,117,186
KARANG BARU 4,21107,78,146,224
KARANG BARU 5,21107,43,160,203
GURU AGUNG 2,21108,23,181,204
GURU AGUNG 3,21108,19,174,193
GURU AGUNG 4,21108,31,98,129
BELUMAI II 1,21109,146,94,240
BELUMAI II 2,21109,197,48,245
BELUMAI II 3,21109,191,61,252
BELUMAI II 4,21109,191,47,238
BELUMAI I 1,21110,61,161,222
BELUMAI I 2,21110,69,162,231
BELUMAI I 3,21110,76,134,210
ULAK TANDING 1,21111,53,133,186
ULAK TANDING 2,21111,37,115,152
ULAK TANDING 3,21111,21,126,147
TANJUNG SANAI I 1,21112,104,122,226
TANJUNG SANAI I 2,21112,66,137,203
TANJUNG SANAI I 3,21112,94,122,216
TANJUNG SANAI I 4,21112,78,130,208
TANJUNG SANAI I 5,21112,93,123,216
MUARA TELITA 1,21113,51,160,211
MUARA TELITA 2,21113,52,184,236
MUARA TELITA 3,21113,22,76,98
UJAN PANAS 1,21114,57,133,190
UJAN PANAS 2,21114,31,102,133
TABA TINGGI 1,21115,70,159,229
TABA TINGGI 2,21115,46,188,234
TABA TINGGI 3,21115,180,57,237
TABA TINGGI 4,21115,30,134,164
TANJUNG SANAI II 1,21116,52,128,180
TANJUNG SANAI II 2,21116,37,163,200
TANJUNG SANAI II 3,21116,41,165,206
TANJUNG SANAI II 4,21116,52,139,191
TANJUNG SANAI II 5,21116,58,132,190
TAKTOI 1,21117,20,205,225
TAKTOI 2,21117,167,46,213
TAKTOI 3,21117,23,121,144
KASIE KASUBUN 1,21118,54,184,238
KASIE KASUBUN 2,21118,51,219,270
KASIE KASUBUN 3,21118,38,215,253
KASIE KASUBUN 4,21118,147,68,215
KASIE KASUBUN 5,21118,34,230,264
AIR KATI 1,21119,107,112,219
AIR KATI 2,21119,126,67,193
AIR KATI 3,21119,86,101,187
BUKIT BATU 1,21120,86,105,191
BUKIT BATU 2,21120,95,98,193
BUKIT BATU 3,21120,77,103,180
BUKIT BATU 4,21120,90,79,169
BUKIT BATU 5,21120,52,74,126
BERINGIN TIGA 2,21122,116,52,168
SINDANG JAYA 1,21123,157,83,240
SINDANG JAYA 2,21123,171,86,257
SINDANG JAYA 3,21123,120,79,199
SINDANG JAYA 4,21123,143,74,217
SINDANG JATI 1,21124,131,65,196
SINDANG JATI 2,21124,120,84,204
SINDANG JATI 3,21124,177,155,332
SINDANG JATI 4,21124,167,46,213
SINDANG JATI 5,21124,136,70,206
BELITAR MUKA 1,21125,177,64,241
BELITAR MUKA 2,21125,117,117,234
BELITAR MUKA 3,21125,124,74,198
BELITAR MUKA 4,21125,131,103,234
BELITAR MUKA 5,21125,133,108,241
BELITAR MUKA 6,21125,111,119,230
BELITAR MUKA 7,21125,125,75,200
PELALO 1,21126,112,126,238
PELALO 2,21126,113,110,223
PELALO 3,21126,117,118,235
PELALO 4,21126,132,63,195
PELALO 5,21126,140,77,217
KAYU MANIS 1,21127,113,78,191
KAYU MANIS 2,21127,141,85,226
AIR DINGIN 1,21129,204,55,259
AIR DINGIN 2,21129,219,43,262
CAHAYA NEGERI 1,21132,86,61,147
CAHAYA NEGERI 2,21132,102,92,194
CAHAYA NEGERI 3,21132,73,65,138
TANJUNG AUR 1,21133,105,80,185
TANJUNG AUR 2,21133,122,62,184
TANJUNG AUR 3,21133,109,88,197
DWI TUNGGAL 2,21135,69,156,225
DWI TUNGGAL 3,21135,74,160,234
DWI TUNGGAL 4,21135,82,182,264
DWI TUNGGAL 6,21135,67,117,184
DWI TUNGGAL 7,21135,53,164,217
AIR PUTIH LAMA 1,21136,80,148,228
AIR PUTIH LAMA 8,21136,42,147,189
ADIREJO 1,21137,80,91,171
ADIREJO 2,21137,21,74,95
ADIREJO 3,21137,74,98,172
ADIREJO 4,21137,48,163,211
ADIREJO 5,21137,36,142,178
AIR RAMBAI 1,21138,65,145,210
AIR RAMBAI 2,21138,64,186,250
AIR RAMBAI 3,21138,69,181,250
AIR RAMBAI 4,21138,82,169,251
AIR RAMBAI 5,21138,54,205,259
AIR RAMBAI 6,21138,44,142,186
AIR RAMBAI 7,21138,85,118,203
AIR RAMBAI 8,21138,40,80,120
AIR RAMBAI 9,21138,36,110,146
AIR RAMBAI 10,21138,67,172,239
PASAR BARU 1,21139,94,149,243
PASAR BARU 2,21139,108,130,238
PASAR BARU 3,21139,57,96,153
PASAR TENGAH 1,21140,68,170,238
PASAR TENGAH 2,21140,69,158,227
PASAR TENGAH 3,21140,76,72,148
PASAR TENGAH 4,21140,60,104,164
JALAN BARU 1,21141,72,124,196
JALAN BARU 2,21141,71,145,216
JALAN BARU 3,21141,72,155,227
JALAN BARU 4,21141,69,148,217
JALAN BARU 5,21141,64,153,217
JALAN BARU 6,21141,108,101,209
JALAN BARU 7,21141,81,105,186
JALAN BARU 8,21141,86,94,180
JALAN BARU 9,21141,92,100,192
JALAN BARU 10,21141,89,126,216
JALAN BARU 11,21141,71,122,193
JALAN BARU 12,21141,67,142,209
TALANG BENIH 1,21142,133,111,244
TALANG BENIH 2,21142,73,143,216
TALANG BENIH 3,21142,89,159,248
TALANG BENIH 6,21142,69,175,244
TALANG BENIH 7,21142,79,182,261
TALANG BENIH 8,21142,84,174,258
TALANG BENIH 9,21142,91,148,239
TALANG BENIH 10,21142,97,155,252
TALANG BENIH 11,21142,95,79,174
TALANG BENIH 12,21142,100,158,258
TALANG BENIH 13,21142,84,144,228
TALANG BENIH 14,21142,93,151,244
TALANG BENIH 15,21142,92,133,225
TALANG BENIH 16,21142,114,142,256
TALANG BENIH 17,21142,87,121,208
TIMBUL REJO 2,21143,68,162,230
TIMBUL REJO 3,21143,92,104,196
TIMBUL REJO 4,21143,81,161,242
TIMBUL REJO 5,21143,55,179,234
TEBAT TENONG DALAM 1,21146,83,95,178
TEBAT TENONG DALAM 2,21146,106,113,219
TEBAT TENONG DALAM 3,21146,119,87,206
BARU MANIS 5,21147,142,105,247
BARU MANIS 6,21147,148,95,243
KAMPUNG MELAYU 1,21148,149,82,231
KAMPUNG MELAYU 2,21148,140,86,226
KAMPUNG MELAYU 3,21148,137,108,245
KAMPUNG MELAYU 4,21148,142,78,220
KAMPUNG MELAYU 5,21148,129,93,222
KAMPUNG SAJAD 1,21150,107,59,166
KAMPUNG SAJAD 2,21150,122,53,175
SUKA RAMI 1,21151,133,115,248
SUKA RAMI 3,21151,122,132,254
PAGAR GUNUNG 1,21152,156,50,206
PAGAR GUNUNG 2,21152,152,94,246
TEBAT PULAU 1,21156,135,98,233
TEBAT PULAU 2,21156,105,79,184
TEBAT PULAU 3,21156,115,63,178
TEBAT PULAU 4,21156,60,47,107
MOJOREJO 1,21128,108,125,233
MOJOREJO 2,21128,132,93,225
MOJOREJO 3,21128,120,82,202
MOJOREJO 4,21128,124,108,232
MOJOREJO 5,21128,108,124,232
MOJOREJO 6,21128,134,94,228
TALANG LAHAT 1,21131,90,153,243
AIR DUKU 2,21158,104,123,227
AIR DUKU 4,21158,74,59,133
AIR DUKU 6,21158,87,79,166
AIR DUKU 7,21158,94,83,177
AIR DUKU 8,21158,122,94,216
AIR DUKU 9,21158,62,47,109
AIR MELES ATAS 1,21160,159,61,220
AIR MELES ATAS 2,21160,90,84,174
AIR MELES ATAS 3,21160,88,71,159
AIR MELES ATAS 4,21160,78,127,205
AIR MELES ATAS 5,21160,121,73,194
AIR MELES ATAS 6,21160,111,124,235
AIR MELES ATAS 8,21160,57,88,145
SAMBIREJO 1,21161,103,114,217
SAMBIREJO 2,21161,144,108,252
SAMBIREJO 3,21161,118,62,180
SAMBIREJO 4,21161,118,103,221
SAMBIREJO 5,21161,79,117,196
SAMBIREJO 6,21161,114,138,252
SAMBIREJO 7,21161,119,117,236
SAMBIREJO 8,21161,126,95,221
SAMBIREJO 9,21161,131,93,224
SAMBIREJO 10,21161,102,113,215
SUBAN AYAM 1,21162,138,120,258
SUBAN AYAM 2,21162,97,112,209
SUBAN AYAM 3,21162,133,123,256
SUBAN AYAM 4,21162,146,108,254
SUBAN AYAM 5,21162,95,150,245
SUBAN AYAM 6,21162,131,119,250
SUBAN AYAM 7,21162,89,78,167
CAWANG BARU 1,21163,93,132,225
CAWANG BARU 2,21163,68,121,189
CAWANG BARU 3,21163,68,145,214
CAWANG BARU 4,21163,108,74,182
CAWANG LAMA 1,21164,127,79,206
CAWANG LAMA 2,21164,84,83,167
CAWANG LAMA 3,21164,113,66,179
CAWANG LAMA 4,21164,108,74,182
SIMPANG NANGKA 1,21165,122,87,209
SIMPANG NANGKA 2,21165,118,79,197
SIMPANG NANGKA 3,21165,112,79,191
SIMPANG NANGKA 4,21165,93,99,192
SIMPANG NANGKA 5,21165,92,97,189
SUMBER BENING 1,21167,67,146,213
SUMBER BENING 2,21167,94,108,202
SUMBER BENING 3,21167,110,136,246
SUMBER BENING 4,21167,168,81,249
SUMBER BENING 5,21167,118,114,232
SUMBER BENING 6,21167,151,56,207
SUMBER BENING 7,21167,83,124,207
SUMBER BENING 8,21167,85,96,181
SUMBER BENING 9,21167,82,84,166
SUMBER BENING 10,21167,135,57,192
SUMBER BENING 11,21167,97,69,166
SUMBER BENING 12,21167,94,107,201
SUMBER BENING 13,21167,91,55,146
KARANG JAYA 1,21168,182,71,253
KARANG JAYA 2,21168,133,100,233
KARANG JAYA 3,21168,132,60,192
KARANG JAYA 4,21168,102,58,160
KARANG JAYA 5,21168,140,105,245
KARANG JAYA 6,21168,154,90,244
KARANG JAYA 7,21168,79,61,140
KARANG JAYA 8,21168,150,104,254
KAYU MANIS 1,21169,179,53,232
KAYU MANIS 2,21169,180,54,234
KAYU MANIS 3,21169,94,39,133
KAMPUNG BARU 1,21170,118,87,205
KAMPUNG BARU 2,21170,96,144,240
KAMPUNG BARU 3,21170,118,102,220
KAMPUNG BARU 4,21170,126,111,237
KAMPUNG BARU 5,21170,117,80,197
KAMPUNG BARU 6,21170,104,133,237
KAMPUNG BARU 7,21170,124,106,230
KAMPUNG BARU 8,21170,63,58,121
KALI PADANG 1,21171,61,133,194
KALI PADANG 2,21171,94,108,202
KALI PADANG 3,21171,72,123,195
DUSUN CURUP 2,21173,48,156,204
DUSUN CURUP 3,21173,51,150,201
DUSUN CURUP 5,21173,66,116,182
TUNAS HARAPAN 1,21174,68,157,225
TUNAS HARAPAN 2,21174,87,136,223
TUNAS HARAPAN 3,21174,71,124,195
TUNAS HARAPAN 4,21174,77,159,236
TUNAS HARAPAN 5,21174,64,124,188
TUNAS HARAPAN 6,21174,62,109,171
BATU DEWA 1,21175,65,131,196
BATU DEWA 2,21175,81,125,206
BATU DEWA 3,21175,126,94,220
PERBO 1,21176,78,112,190
PERBO 2,21176,63,120,183
PERBO 3,21176,54,139,193
BATU PANCO 1,21177,114,123,241
BATU PANCO 2,21177,138,108,246
DUSUN SAWAH 1,21178,62,70,132
DUSUN SAWAH 3,21178,87,79,166
DUSUN SAWAH 4,21178,115,69,184
DUSUN SAWAH 5,21178,60,69,129
DUSUN SAWAH 6,21178,68,80,148
DUSUN SAWAH 7,21178,46,39,85
LUBUK KEMBANG 1,21179,54,163,217
LUBUK KEMBANG 2,21179,95,105,200
LUBUK KEMBANG 3,21179,56,137,193
LUBUK KEMBANG 4,21179,83,122,205
SUKA DATANG 1,21180,117,104,221
SUKA DATANG 2,21180,110,92,202
SUKA DATANG 3,21180,93,85,178
PAHLAWAN 3,21182,73,99,172
TANJUNG BERINGIN 1,21184,114,110,224
TANJUNG BERINGIN 2,21184,89,156,245
TANJUNG BERINGIN 3,21184,95,130,225
KOTA PAGU 1,21185,86,86,172
KOTA PAGU 2,21185,107,57,164
KOTA PAGU 3,21185,119,118,237
SEGURING 3,21186,67,41,108
SUKARAJA 1,21188,103,121,224
SUKARAJA 2,21188,68,130,198
SUKARAJA 4,21188,57,139,196
SUKARAJA 5,21188,99,140,239
SUKARAJA 6,21188,61,141,202
SUKARAJA 7,21188,107,105,2
SUKARAJA 8,21188,75,127,202
KESAMBE BARU 1,21189,64,129,193
KESAMBE BARU 2,21189,88,109,197
KESAMBE BARU 3,21189,93,126,219
KESAMBE BARU 4,21189,61,82,143
KESAMBE BARU 5,21189,60,94,154
KESAMBE BARU 6,21189,60,146,206
KESAMBE BARU 7,21189,52,113,165
KESAMBE BARU 8,21189,65,111,176
KARANG ANYAR 1,21190,91,142,233
KARANG ANYAR 2,21190,60,113,173
KARANG ANYAR 3,21190,62,86,148
KARANG ANYAR 4,21190,103,121,223
KARANG ANYAR 5,21190,53,160,213
KARANG ANYAR 6,21190,52,156,208
KARANG ANYAR 7,21190,76,139,215
KARANG ANYAR 8,21190,61,103,164
KARANG ANYAR 9,21190,54,88,142
KARANG ANYAR 10,21190,56,103,159
KARANG ANYAR 11,21190,55,136,191
KARANG ANYAR 12,21190,67,151,218
KARANG ANYAR 13,21190,55,132,187
KARANG ANYAR 14,21190,69,102,171
KARANG ANYAR 15,21190,58,86,138
TALANG ULU 1,21191,96,120,216
TALANG ULU 2,21191,92,161,253
TALANG ULU 3,21191,94,78,172
TALANG ULU 4,21191,91,120,211
TALANG ULU 5,21191,82,155,237
TALANG ULU 6,21191,121,111,232
TALANG ULU 7,21191,85,152,237
TALANG ULU 8,21191,109,89,198
DUKU ULU 1,21192,119,86,205
DUKU ULU 2,21192,80,98,178
DUKU ULU 3,21192,78,118,196
DUKU ULU 4,21192,106,95,201
DUKU ILIR 1,21193,44,152,196
DUKU ILIR 2,21193,85,155,240
DUKU ILIR 3,21193,56,96,152
AIR MELES BAWAH 1,21194,98,104,202
AIR MELES BAWAH 2,21194,116,104,220
AIR MELES BAWAH 3,21194,72,85,157
AIR MELES BAWAH 4,21194,75,122,197
AIR MELES BAWAH 5,21194,70,132,202
AIR MELES BAWAH 6,21194,110,85,195
AIR MELES BAWAH 7,21194,123,99,222
AIR MELES BAWAH 8,21194,66,124,190
AIR MELES BAWAH 9,21194,64,159,223
AIR MELES BAWAH 10,21194,81,129,210
AIR MELES BAWAH 11,21194,72,137,209
AIR MELES BAWAH 12,21194,92,104,196
AIR MELES BAWAH 13,21194,54,80,134
AIR MELES BAWAH 14,21194,86,104,190
KAMPUNG DELIMA 1,21195,108,116,224
KAMPUNG DELIMA 2,21195,120,103,223
KAMPUNG DELIMA 3,21195,108,119,227
KAMPUNG DELIMA 4,21195,107,115,222
KAMPUNG DELIMA 5,21195,102,123,225
KESAMBE LAMA 1,21196,81,157,238
KESAMBE LAMA 2,21196,79,164,243
KESAMBE LAMA 3,21196,70,149,219
KESAMBE LAMA 4,21196,77,151,228
KESAMBE LAMA 5,21196,84,144,228
AIR PUTIH BARU 1,21198,67,182,249
AIR PUTIH BARU 2,21198,38,179,217
AIR PUTIH BARU 3,21198,79,156,235
AIR PUTIH BARU 4,21198,57,157,214
AIR PUTIH BARU 5,21198,79,130,209
AIR PUTIH BARU 6,21198,51,149,200
AIR PUTIH BARU 7,21198,47,104,151
AIR PUTIH BARU 8,21198,52,156,208
AIR PUTIH BARU 9,21198,111,152,263
AIR PUTIH BARU 10,21198,65,157,222
TEMPEL REJO 1,21199,67,126,193
TEMPEL REJO 2,21199,89,117,206
TEMPEL REJO 3,21199,83,156,239
TEMPEL REJO 4,21199,92,138,230
TEMPEL REJO 5,21199,49,127,176
TEMPEL REJO 6,21199,91,138,229
TEMPEL REJO 7,21199,54,175,229
TEMPEL REJO 8,21199,87,136,223
TEMPEL REJO 9,21199,77,167,244
TEMPEL REJO 10,21199,64,139,203
TEMPEL REJO 11,21199,52,163,215
TEMPEL REJO 12,21199,71,191,262
TEMPEL REJO 13,21199,97,155,252
TEMPEL REJO 14,21199,72,141,213
RIMBO RECAP 1,21200,77,158,235
TELADAN 2,21202,40,180,220
TELADAN 5,21202,30,167,197
TELADAN 7,21202,55,155,210
TELADAN 8,21202,41,110,151
SUKA MARGA 1,21203,77,176,253
SUKA MARGA 2,21203,92,121,213
LUBUK UBAR 1,21204,74,177,251
LUBUK UBAR 2,21204,51,160,211
LUBUK UBAR 3,21204,99,123,222
PUNGGUK LALANG 1,21205,70,164,234
PUNGGUK LALANG 2,21205,75,180,255
PUNGGUK LALANG 3,21205,83,148,231
PUNGGUK LALANG 4,21205,95,131,226
PUNGGUK LALANG 5,21205,107,148,271
TANJUNG DALAM 1,21207,82,148,230
TANJUNG DALAM 2,21207,80,167,247
TANJUNG DALAM 3,21207,104,120,224
KEPALA SIRING 1,21210,62,84,146
KEPALA SIRING 2,21210,55,110,165
KEPALA SIRING 3,21210,28,106,134
KEPALA SIRING 4,21210,49,84,134
KEPALA SIRING 5,21210,53,105,158
KEPALA SIRING 6,21210,34,123,157
KEPALA SIRING 7,21210,65,76,141
KEPALA SIRING 8,21210,62,115,177
KEPALA SIRING 9,21210,49,106,155
TALANG RIMBO BARU 1,21211,98,121,219
TALANG RIMBO BARU 2,21211,86,103,189
TALANG RIMBO BARU 3,21211,59,69,128
TALANG RIMBO BARU 4,21211,39,70,109
TALANG RIMBO BARU 5,21211,35,66,101
TALANG RIMBO BARU 6,21211,65,78,143
TALANG RIMBO BARU 7,21211,55,111,166
TALANG RIMBO BARU 8,21211,54,92,146
TALANG RIMBO BARU 9,21211,75,191,266
TALANG RIMBO BARU 10,21211,71,124,195
TALANG RIMBO BARU 11,21211,79,152,231
TALANG RIMBO BARU 12,21211,37,111,149
TALANG RIMBO BARU 13,21211,45,111,156
TALANG RIMBO BARU 14,21211,49,99,148
TALANG RIMBO BARU 15,21211,52,148,200
TALANG RIMBO BARU 16,21211,54,134,188
TALANG RIMBO BARU 17,21211,39,141,180
TALANG RIMBO BARU 18,21211,45,158,203
TALANG RIMBO BARU 19,21211,74,149,223
TALANG RIMBO LAMA 1,21212,94,151,245
TALANG RIMBO LAMA 2,21212,111,165,276
TALANG RIMBO LAMA 3,21212,128,145,273
TALANG RIMBO LAMA 4,21212,90,181,271
TALANG RIMBO LAMA 5,21212,53,105,158
TALANG RIMBO LAMA 6,21212,72,184,256
TALANG RIMBO LAMA 7,21212,87,158,245
TALANG RIMBO LAMA 8,21212,92,129,221
TALANG RIMBO LAMA 9,21212,74,150,3
TALANG RIMBO LAMA 10,21212,55,102,157
TALANG RIMBO LAMA 11,21212,46,158,204
TALANG RIMBO LAMA 12,21212,80,151,231
SIDEREJO 2,21213,82,151,233
SIDEREJO 3,21213,95,132,227
SIDEREJO 4,21213,85,138,223
SIDEREJO 5,21213,97,133,230
SIDEREJO 6,21213,74,160,234
SIDEREJO 7,21213,110,129,239
SIDEREJO 8,21213,79,152,230
SIDEREJO 9,21213,85,143,228
SIDEREJO 10,21213,53,99,152
KAMPUNG JAWA 1,21214,84,121,205
AIR BANG 1,21215,115,96,211
AIR BANG 2,21215,104,106,210
AIR BANG 3,21215,64,171,235
AIR BANG 4,21215,106,135,241
AIR BANG 5,21215,114,146,260
AIR BANG 6,21215,51,150,201
AIR BANG 7,21215,105,109,214
AIR BANG 8,21215,70,127,197
AIR BANG 9,21215,76,157,233
AIR BANG 10,21215,110,153,263
AIR BANG 11,21215,76,105,181
AIR BANG 12,21215,127,130,257
AIR BANG 13,21215,95,107,202
AIR BANG 14,21215,60,175,235
AIR BANG 15,21215,98,100,198
AIR BANG 16,21215,94,173,267
AIR BANG 17,21215,54,203,257
AIR BANG 18,21215,81,177,258
AIR BANG 19,21215,104,107,211
AIR BANG 20,21215,72,165,237
BATU GALING 1,21216,64,148,212
BATU GALING 2,21216,89,152,241
BATU GALING 3,21216,79,174,253
BATU GALING 4,21216,79,166,245
BATU GALING 5,21216,54,205,259
BATU GALING 6,21216,99,160,261
BATU GALING 7,21216,62,143,205
BANYU MAS 1,21217,69,116,185
BANYU MAS 2,21217,59,101,160
BANYU MAS 3,21217,46,98,144
BANYU MAS 4,21217,66,81,147
BANYU MAS 5,21217,92,105,1
PELABUHAN BARU 1,21218,55,134,189
PELABUHAN BARU 2,21218,48,123,171
PELABUHAN BARU 3,21218,73,114,187
PELABUHAN BARU 4,21218,74,112,186
AIR MERAH 1,21219,106,108,214
AIR MERAH 2,21219,71,112,183
AIR MERAH 3,21219,90,106,196
AIR MERAH 4,21219,107,114,221
KEPALA CURUP 1,21221,91,84,4
KEPALA CURUP 2,21221,85,55,140
KEPALA CURUP 3,21221,65,69,134
KEPALA CURUP 4,21221,101,83,182
KEPALA CURUP 5,21221,103,91,194
KEPALA CURUP 6,21221,72,72,144
KEPALA CURUP 7,21221,69,76,145
KAMPUNG JERUK 1,21222,111,63,174
KAMPUNG JERUK 3,21222,95,86,181
KAMPUNG JERUK 4,21222,99,94,193
KAMPUNG JERUK 5,21222,51,45,96
KAMPUNG JERUK 6,21222,85,63,148
KAMPUNG JERUK 7,21222,69,55,124
SIMPANG BELITI 1,21223,71,111,182
SIMPANG BELITI 2,21223,78,91,169
SIMPANG BELITI 3,21223,90,75,165
SIMPANG BELITI 4,21223,116,97,213
SIMPANG BELITI 5,21223,92,95,187
SIMPANG BELITI 6,21223,116,79,195
SIMPANG BELITI 7,21223,66,104,170
SIMPANG BELITI 8,21223,72,77,149
TABA PADANG 1,21224,101,90,191
TABA PADANG 2,21224,66,129,195
TABA PADANG 3,21224,52,113,165
AIR APO 1,21225,75,101,176
AIR APO 2,21225,55,89,144
AIR APO 3,21225,64,99,163
AIR APO 4,21225,92,65,157
AIR APO 5,21225,50,94,144
AIR APO 6,21225,66,101,167
APUR 1,21227,53,141,194
APUR 2,21227,64,113,177
APUR 3,21227,66,120,186
APUR 4,21227,75,97,172
APUR 5,21227,81,102,183
APUR 6,21227,61,115,176
APUR 7,21227,40,100,140
APUR 8,21227,58,83,141
LAWANG AGUNG 1,21228,79,147,226
LAWANG AGUNG 2,21228,69,100,169
LAWANG AGUNG 3,21228,86,115,201
LAWANG AGUNG 4,21228,76,116,192
LAWANG AGUNG 5,21228,87,85,172
LAWANG AGUNG 6,21228,68,95,163
LUBUK ALAI 1,21229,104,91,195
LUBUK ALAI 2,21229,70,98,168
LUBUK ALAI 3,21229,101,126,227
LUBUK ALAI 4,21229,68,67,135
LUBUK ALAI 5,21229,44,125,169
LUBUK ALAI 6,21229,77,90,167
LUBUK ALAI 7,21229,78,92,170
LUBUK ALAI 8,21229,69,101,170
KARANG PINANG 1,21230,90,118,208
KARANG PINANG 2,21230,125,85,210
KARANG PINANG 3,21230,120,67,187
KARANG PINANG 4,21230,90,110,200
TANJUNG AGUNG 1,21231,95,110,205
TANJUNG AGUNG 2,21231,93,109,202
TANJUNG AGUNG 3,21231,59,83,142
PENGAMBANG 1,21232,50,162,212
PENGAMBANG 2,21232,41,139,180
PENGAMBANG 3,21232,49,165,214
PENGAMBANG 4,21232,48,175,223
JABI 1,21233,79,130,209
JABI 3,21233,40,137,177
TANJUNG HERAN 1,21234,57,140,197
TANJUNG HERAN 2,21234,72,108,180
TANJUNG HERAN 3,21234,47,76,123
AIR NAU 1,21235,143,94,237
AIR NAU 2,21235,141,73,214
IV SUKU MENANTI 1,21237,164,55,219
IV SUKU MENANTI 2,21237,150,77,227
IV SUKU MENANTI 3,21237,152,72,224
IV SUKU MENANTI 4,21237,118,80,198
IV SUKU MENANTI 5,21237,137,69,206
IV SUKU MENANTI 6,21237,148,65,213
IV SUKU MENANTI 7,21237,147,81,228
IV SUKU MENANTI 8,21237,130,69,199
IV SUKU MENANTI 9,21237,95,52,117
AIR RUSA 1,21238,185,73,158
AIR RUSA 3,21238,135,66,201
AIR RUSA 4,21238,108,77,185
BENGKO 1,21239,130,78,208
BENGKO 2,21239,157,70,227
BENGKO 3,21239,212,34,246
BENGKO 4,21239,69,31,100
BENGKO 5,21239,139,84,223
BENGKO 6,21239,151,25,176
BENGKO 7,21239,127,39,166
SINAR GUNUNG 1,21240,135,80,215
SINAR GUNUNG 2,21240,87,66,153
SINAR GUNUNG 3,21240,76,102,178
SINAR GUNUNG 4,21240,93,77,170
SINAR GUNUNG 5,21240,82,61,143
SINAR GUNUNG 6,21240,72,53,125
SINAR GUNUNG 7,21240,31,19,50
SINAR GUNUNG 8,21240,18,10,28
SINAR GUNUNG 9,21240,34,60,94
TALANG BELITAR 1,21241,187,73,260
TALANG BELITAR 2,21241,87,49,136
TALANG BELITAR 3,21241,171,24,195
TALANG BELITAR 4,21241,105,59,164
WARUNG POJOK 1,21242,107,32,139
WARUNG POJOK 2,21242,82,81,163
WARUNG POJOK 3,21242,78,30,108
BALAI BUNTAR 1,21246,24,171,195
BALAI BUNTAR 2,21246,31,184,215
LUBUK TUNJUNG 1,21247,33,98,131
LUBUK TUNJUNG 2,21247,46,104,150
LUBUK BELIMBING I 1,21248,64,149,213
LUBUK BELIMBING I 2,21248,41,184,225
LUBUK BELIMBING I 3,21248,39,166,205
LUBUK BELIMBING I 5,21248,66,147,213
LUBUK BELIMBING II 1,21249,46,195,241
LUBUK BELIMBING II 2,21249,33,212,245
LUBUK BELIMBING II 3,21249,35,193,228
LUBUK BELIMBING II 4,21249,33,170,203
LUBUK BELIMBING II 5,21249,32,80,112
LUBUK BINGIN BARU 1,21250,31,160,191
LUBUK BINGIN BARU 2,21250,31,96,127
LUBUK BINGIN BARU 3,21250,30,161,191
SARI PULAU 1,21251,44,138,182
SUKA MERINDU 1,21252,98,108,206
SUKA MERINDU 2,21252,54,172,226
SUKA MERINDU 3,21252,80,60,140
SUKA MERINDU 4,21252,73,122,195
PAL SERATUS 2,21257,111,31,142
PAL VII 1,21258,143,46,189
PAL VII 2,21258,129,47,176
PAL VII 3,21258,118,65,183
TEBAT TENONG LUAR 1,21260,127,109,236
TEBAT TENONG LUAR 2,21260,131,94,225
BANGUN JAYA 1,21261,188,48,236
BANGUN JAYA 2,21261,160,70,230
BANGUN JAYA 3,21261,87,46,133
BABAKAN BARU 6,21262,103,74,177
SUMBEREJO TRANSAD 1,21263,118,81,199
SUMBEREJO TRANSAD 2,21263,130,100,230
SUMBEREJO TRANSAD 3,21263,119,129,248
SUMBEREJO TRANSAD 4,21263,122,102,224
AIR BENING 1,21264,124,65,189
AIR BENING 2,21264,152,58,210
AIR BENING 3,21264,159,66,225
AIR BENING 4,21264,153,67,220
AIR BENING 5,21264,140,56,196
AIR BENING 6,21264,140,59,199
BANJAR SARI 1,21267,123,38,161
BANJAR SARI 2,21267,181,24,205
BANJAR SARI 3,21267,108,28,136
MEOK 1,21268,156,11,167
MEOK 2,21268,218,26,244
MALAKONI 1,21269,130,38,168
MALAKONI 2,21269,159,80,239
KAANA 2,21270,113,66,179
KAHYAPU 1,21271,150,38,188
KAHYAPU 2,21271,78,16,94
APOHO 1,21272,121,24,145
LUBUK DURIAN 1,21274,79,105,184
LUBUK DURIAN 2,21274,71,158,229
LUBUK DURIAN 3,21274,62,98,160
TALANG JAMBU 1,21275,57,104,161
TALANG JAMBU 2,21275,83,86,169
TALANG JAMBU 3,21275,100,65,165
TEBAT PACUR 1,21276,56,115,171
TEBAT PACUR 2,21276,51,126,177
TALANG CURUP 1,21277,42,127,169
TALANG CURUP 2,21277,48,100,148
BANYUMAS 1,21278,93,91,184
SALAM HARJO 1,21279,93,96,162
SALAM HARJO 2,21279,66,79,145
TALANG PASAK 1,21281,56,216,272
PERBO 1,21282,75,144,219
PERBO 2,21282,89,140,229
LUBUK JALE 1,21283,107,123,230
SIMPANG KETENONG 1,21284,64,87,151
SIMPANG KETENONG 2,21284,76,103,179
KEDU BARU 1,21297,122,51,173
SERUMBUNG 1,21299,110,72,182
SERUMBUNG 2,21299,106,49,155
MAGELANG 1,21300,103,60,163
MAGELANG 2,21300,114,54,168
TANJUNG PUTUS 1,21301,107,98,205
TANJUNG PUTUS 2,21301,125,110,235
TANJUNG PUTUS 3,21301,62,106,168
TANJUNG PUTUS 4,21301,158,29,187
PENYANGKAK 1,21302,125,123,248
PENYANGKAK 2,21302,87,115,202
PENYANGKAK 3,21302,66,95,161
BANYUMAS BARU 1,21304,56,28,84
BANYUMAS BARU 2,21304,95,99,194
BANYUMAS BARU 3,21304,79,83,162
PURWODADI 1,21311,48,134,182
PURWODADI 2,21311,54,191,245
PURWODADI 3,21311,120,136,256
PURWODADI 4,21311,112,117,229
PURWODADI 5,21311,86,119,205
PURWODADI 6,21311,81,138,219
PURWODADI 7,21311,70,211,281
PURWODADI 8,21311,103,149,252
PURWODADI 9,21311,70,195,265
PURWODADI 10,21311,98,118,216
PURWODADI 11,21311,98,175,273
PURWODADI 12,21311,48,197,245
PURWODADI 13,21311,42,127,169
PURWODADI 14,21311,43,117,160
PURWODADI 15,21311,28,134,162
PURWODADI 16,21311,67,117,184
PURWODADI 17,21311,73,105,178
PURWODADI 18,21311,90,107,197
PURWODADI 19,21311,56,142,198
PURWODADI 20,21311,43,150,193
PURWODADI 21,21311,93,142,235
GUNUNG ALAM 1,21312,137,108,245
GUNUNG ALAM 2,21312,115,126,241
GUNUNG ALAM 3,21312,76,170,246
GUNUNG ALAM 4,21312,76,170,246
GUNUNG ALAM 5,21312,38,102,140
GUNUNG ALAM 6,21312,58,89,147
GUNUNG ALAM 7,21312,69,74,143
GUNUNG ALAM 8,21312,64,150,214
GUNUNG ALAM 9,21312,103,167,270
GUNUNG ALAM 10,21312,41,90,131
GUNUNG ALAM 11,21312,92,90,182
GUNUNG ALAM 12,21312,67,71,138
TANJUNG RAMAN 1,21313,98,152,250
TANJUNG RAMAN 2,21313,107,147,254
TANJUNG RAMAN 3,21313,76,80,156
LUBUK SAHUNG 1,21314,97,139,236
LUBUK SAHUNG 2,21314,127,135,262
LUBUK SAHUNG 3,21314,96,171,267
LUBUK SAHUNG 4,21314,78,109,187
KURO TIDUR 1,21315,154,62,216
KURO TIDUR 2,21315,148,89,237
KURO TIDUR 3,21315,143,52,195
KURO TIDUR 4,21315,146,53,199
KURO TIDUR 5,21315,112,13,125
KURO TIDUR 6,21315,171,90,261
KURO TIDUR 7,21315,101,57,158
KURO TIDUR 8,21315,114,49,163
KARANG SUCI 1,21316,60,208,268
KARANG SUCI 2,21316,61,209,270
KARANG SUCI 3,21316,85,160,245
KARANG SUCI 4,21316,94,164,258
KARANG SUCI 5,21316,78,98,176
KARANG SUCI 6,21316,109,114,223
KARANG SUCI 7,21316,64,101,165
KARANG SUCI 8,21316,88,101,189
KARANG SUCI 9,21316,51,181,232
RAMA AGUNG 1,21317,191,49,240
RAMA AGUNG 2,21317,193,32,225
RAMA AGUNG 3,21317,147,13,160
RAMA AGUNG 4,21317,165,31,196
RAMA AGUNG 5,21317,146,38,184
RAMA AGUNG 6,21317,100,69,169
RAMA AGUNG 7,21317,106,51,157
RAMA AGUNG 8,21317,86,106,192
RAMA AGUNG 9,21317,110,62,172
TALANG DENAU 1,21320,119,115,234
GUNUNG SELAN 1,21321,78,159,237
GUNUNG SELAN 2,21321,103,148,251
GUNUNG SELAN 3,21321,104,174,278
GUNUNG SELAN 4,21321,103,145,248
GUNUNG SELAN 5,21321,106,142,248
GUNUNG SELAN 6,21321,85,102,187
GUNUNG SELAN 7,21321,93,101,194
DATAR RUYUNG 1,21322,98,139,237
DATAR RUYUNG 2,21322,104,116,220
SENALI 1,21323,121,89,210
SENALI 2,21323,87,127,214
SENALI 3,21323,101,120,221
SENALI 4,21323,94,103,197
GUNUNG AGUNG 1,21324,82,155,237
GUNUNG AGUNG 2,21324,105,125,230
GUNUNG AGUNG 3,21324,62,142,204
GUNUNG AGUNG 4,21324,100,111,211
GUNUNG AGUNG 5,21324,51,127,178
GUNUNG AGUNG 6,21324,72,117,189
GUNUNG AGUNG 7,21324,69,95,164
GUNUNG AGUNG 8,21324,25,65,90
SIDO URIP 1,21326,150,60,210
SIDO URIP 2,21326,132,65,197
SIDO URIP 3,21326,163,71,234
SIDO URIP 4,21326,157,103,260
SIDO URIP 5,21326,152,114,266
KARANG ANYAR I 1,21327,94,120,214
KARANG ANYAR I 2,21327,50,159,209
KARANG ANYAR I 3,21327,43,129,172
KARANG ANYAR I 4,21327,80,173,253
KARANG ANYAR I 5,21327,50,153,203
KARANG ANYAR I 6,21327,47,147,194
TABA TEMBILANG 1,21328,124,148,272
TABA TEMBILANG 2,21328,116,150,266
TABA TEMBILANG 3,21328,102,126,228
TABA TEMBILANG 4,21328,112,100,214
TABA TEMBILANG 5,21328,98,136,234
TABA TEMBILANG 6,21328,71,67,138
TABA TEMBILANG 7,21328,90,119,209
TABA TEMBILANG 8,21328,91,103,194
KARANG ANYAR II 1,21334,60,149,209
KARANG ANYAR II 2,21334,85,140,225
KARANG ANYAR II 3,21334,69,169,238
KARANG ANYAR II 4,21334,106,153,259
KARANG ANYAR II 5,21334,67,181,248
KARANG ANYAR II 6,21334,97,155,252
KARANG ANYAR II 7,21334,78,206,284
KARANG ANYAR II 8,21334,92,95,187
KARANG ANYAR II 9,21334,64,97,161
TANJUNG ANOM 1,21340,196,54,250
TANJUNG ANOM 2,21340,206,53,259
TANJUNG ANOM 3,21340,236,28,264
TANJUNG ANOM 4,21340,181,35,216
TANJUNG ANOM 5,21340,149,49,198
TANJUNG ANOM 6,21340,178,12,190
TANJUNG ANOM 7,21340,56,47,103
SUKA MAKMUR 1,21341,219,54,273
SUKA MAKMUR 2,21341,167,80,247
SUKA MAKMUR 5,21341,217,40,257
SUKA MAKMUR 6,21341,174,55,229
SUKA MAKMUR 7,21341,189,19,208
SUKA MAKMUR 8,21341,179,51,230
SUKA MAKMUR 9,21341,92,22,114
WONO HARJO 1,21342,195,44,269
WONO HARJO 2,21342,185,59,244
WONO HARJO 3,21342,187,89,276
WONO HARJO 4,21342,167,76,243
WONO HARJO 5,21342,156,88,244
WONO HARJO 6,21342,208,47,255
WONO HARJO 7,21342,191,54,245
GIRI MULYA 1,21343,154,65,219
GIRI MULYA 2,21343,173,78,251
GIRI MULYA 3,21343,166,65,231
GIRI MULYA 4,21343,150,64,214
GIRI MULYA 5,21343,188,37,225
GIRI MULYA 6,21343,180,27,207
GIRI MULYA 7,21343,175,36,211
GIRI MULYA 8,21343,176,24,200
GIRI MULYA 9,21343,210,20,230
GIRI MULYA 10,21343,194,38,232
RENA JAYA 1,21344,163,55,218
RENA JAYA 2,21344,128,105,233
RENA JAYA 3,21344,155,78,233
RENA JAYA 4,21344,112,46,158
RENA JAYA 5,21344,163,52,215
RENA JAYA 6,21344,123,23,146
SUKA MULYA 3,87338,155,31,186
SUKA MULYA 4,87338,146,15,161
LUBUK BANYAU 1,21346,126,99,225
LUBUK BANYAU 2,21346,150,54,204
LUBUK BANYAU 3,21346,139,105,244
LUBUK BANYAU 4,21346,94,118,212
LUBUK BANYAU 5,21346,73,24,97
TALANG TUA 1,21347,72,115,187
TALANG TUA 2,21347,77,48,125
TALANG TUA 3,21347,58,0,58
TALANG TUA 4,21347,117,11,128
MARGA SAKTI 1,21348,132,103,235
MARGA SAKTI 2,21348,128,57,185
MARGA SAKTI 3,21348,133,81,214
MARGA SAKTI 4,21348,134,117,251
MARGA SAKTI 5,21348,101,149,250
MARGA SAKTI 6,21348,161,56,217
MARGA SAKTI 7,21348,112,114,236
MARGA SAKTI 8,21348,147,84,231
MARGA SAKTI 9,21348,158,75,233
MARGA SAKTI 10,21348,210,30,240
MARGA SAKTI 11,21348,143,61,204
MARGA SAKTI 12,21348,183,67,250
MARGA SAKTI 13,21348,144,61,205
MARGA SAKTI 14,21348,193,41,234
MARGA SAKTI 15,21348,126,137,263
MARGA SAKTI 16,21348,137,49,186
TANJUNG HARAPAN 1,21349,204,37,241
TANJUNG HARAPAN 2,21349,176,58,234
TANJUNG HARAPAN 3,21349,162,76,238
TANJUNG HARAPAN 4,21349,133,85,218
TANJUNG HARAPAN 5,21349,188,45,233
TANJUNG HARAPAN 6,21349,137,61,198
PADANG JAYA 1,21350,138,64,202
PADANG JAYA 2,21350,148,71,219
PADANG JAYA 3,21350,0,0,0
PADANG JAYA 4,21350,105,97,202
PADANG JAYA 5,21350,136,61,197
PADANG JAYA 6,21350,143,75,218
PADANG JAYA 7,21350,129,61,190
PADANG JAYA 8,21350,161,50,211
PADANG JAYA 9,21350,181,35,216
PADANG JAYA 10,21350,169,53,222
PADANG JAYA 11,21350,147,40,187
PADANG JAYA 12,21350,173,60,233
PADANG JAYA 13,21350,130,84,214
PADANG JAYA 14,21350,148,55,203
PADANG JAYA 15,21350,167,73,240
ARGA MULYA 1,21351,148,81,229
ARGA MULYA 2,21351,155,55,210
ARGA MULYA 3,21351,169,90,259
ARGA MULYA 4,21351,151,72,223
ARGA MULYA 5,21351,104,70,174
ARGA MULYA 6,21351,160,44,204
ARGA MULYA 7,21351,219,40,259
ARGA MULYA 8,21351,183,55,238
ARGA MULYA 9,21351,176,73,249
SIDO MUKTI 1,21352,116,129,245
SIDO MUKTI 2,21352,118,103,221
SIDO MUKTI 3,21352,175,50,225
SIDO MUKTI 4,21352,140,84,224
SIDO MUKTI 5,21352,154,65,219
SIDO MUKTI 6,21352,93,88,181
SIDO MUKTI 7,21352,197,59,256
SIDO MUKTI 8,21352,132,86,218
SIDO MUKTI 9,21352,171,30,201
TANAH HITAM 1,21353,199,48,247
TANAH HITAM 2,21353,196,56,252
TANAH HITAM 3,21353,166,43,209
MARGA JAYA 1,21354,100,57,157
MARGA JAYA 2,21354,169,44,213
MARGA JAYA 3,21354,157,56,213
MARGA JAYA 4,21354,152,37,189
TAMBAK REJO 1,21355,180,82,262
TAMBAK REJO 2,21355,210,45,255
TAMBAK REJO 3,21355,158,77,235
TAMBAK REJO 4,21355,178,67,245
TAMBAK REJO 6,21355,171,91,262
SIDO LUHUR 1,87339,168,49,217
SIDO LUHUR 2,87339,145,67,212
SIDO LUHUR 3,87339,175,80,255
SIDO LUHUR 4,87339,124,60,184
TANAH TINGGI 1,87340,130,65,195
TANAH TINGGI 2,87340,172,72,244
TANAH TINGGI 3,87340,129,61,190
TANAH TINGGI 4,87340,145,78,223
PASAR LAIS 1,21357,117,146,263
PASAR LAIS 2,21357,140,102,242
DATAR LEBAR 1,21365,122,81,203
AIR PADANG 1,21366,124,76,200
DURIAN DAUN 1,21367,110,88,198
DURIAN DAUN 2,21367,108,90,198
DUSUN RAJA 1,21368,82,99,181
LUBUK LESUNG 1,21369,86,131,217
PAL 30 1,21370,126,122,248
PAL 30 2,21370,46,79,125
PAL 30 3,21370,115,167,282
PAL 30 4,21370,85,112,197
JAGOBAYO 1,21371,64,158,222
JAGOBAYO 2,21371,74,130,204
JAGOBAYO 3,21371,61,185,246
JAGOBAYO 4,21371,62,146,208
TALANG RASAU 1,21373,94,138,232
TALANG RASAU 2,21373,92,137,229
TALANG RASAU 3,21373,84,154,238
TALANG RASAU 5,21373,55,148,203
TALANG RASAU 6,21373,45,97,142
LUBUK GEDANG 1,21374,88,153,241
LUBUK GEDANG 2,21374,102,131,233
LUBUK GEDANG 3,21374,74,101,175
LUBUK GEDANG 4,21374,111,124,235
LUBUK GEDANG 5,21374,99,108,207
SUKA LANGU 1,21375,51,135,186
TABA BARU 1,21376,60,149,209
TABA BARU 2,21376,55,169,224
TABA BARU 3,21376,35,186,221
TABA BARU 4,21376,34,195,229
TABA BARU 5,21376,58,169,227
TABA BARU 6,21376,36,171,207
KALBANG 1,21377,68,111,179
KALBANG 2,21377,89,97,186
SERANGAI 1,21381,84,107,191
SERANGAI 2,21381,189,55,244
SERANGAI 3,21381,89,123,212
SELOLONG 1,21382,110,102,212
SELOLONG 2,21382,182,66,248
AIR LAKOK 2,21383,42,130,172
BINTUNAN 1,21384,151,31,182
BINTUNAN 2,21384,80,49,129
BINTUNAN 3,21384,91,58,149
SUKA MARGA 1,21385,63,94,157
BATIK NAU 1,21386,134,124,258
BATIK NAU 2,21386,167,74,241
PAGAR RUYUNG 1,21387,105,90,195
PAGAR RUYUNG 2,21387,82,79,161
DURIAN AMPARAN 1,21388,100,60,160
DURIAN AMPARAN 2,21388,124,104,228
DURIAN AMPARAN 3,21388,67,41,108
DURIAN AMPARAN 4,21388,124,25,149
TABA KELINTANG 1,21389,72,63,135
TABA KELINTANG 2,21389,87,50,137
ULAK TANDING 1,21390,72,83,155
SEBERANG TUNGGAL 1,21391,53,86,139
SEKIAU 1,21392,42,113,155
SAMBAN JAYA 1,21393,159,66,225
SAMBAN JAYA 2,21393,136,20,156
SAMBAN JAYA 3,21393,204,56,260
SAMBAN JAYA 4,21393,188,85,273
SAMBAN JAYA 5,21393,159,57,216
SAMBAN JAYA 6,21393,191,40,231
SAMBAN JAYA 7,21393,102,41,143
PENINJAU 1,21394,184,37,221
PENINJAU 2,21394,160,38,198
PENINJAU 3,21394,163,33,196
PENINJAU 4,21394,157,87,244
PENINJAU 5,21394,194,67,261
PENINJAU 6,21394,218,27,245
AIR MANGAYAU 1,21395,170,78,248
AIR MANGAYAU 2,21395,103,135,238
AIR MANGAYAU 3,21395,86,57,143
AIR MANGAYAU 4,21395,78,68,146
URAI 2,21397,83,104,187
URAI 3,21397,91,72,163
URAI 4,21397,70,55,125
URAI 5,21397,90,60,150
URAI 6,21397,102,14,116
URAI 7,21397,220,15,235
URAI 8,21397,180,97,277
URAI 9,21397,212,23,235
URAI 10,21397,36,57,93
URAI 11,21397,208,41,249
URAI 12,21397,140,4,144
URAI 13,21397,123,24,147
URAI 14,21397,103,12,115
URAI 15,21397,101,35,136
URAI 16,21397,60,16,76
URAI 18,21397,104,29,133
URAI 19,21397,57,9,66
URAI 20,21397,49,32,81
URAI 21,21397,73,17,90
URAI 22,21397,27,21,48
URAI 23,21397,54,47,101
PASAR KETAHUN 1,21398,35,75,110
PASAR KETAHUN 2,21398,88,146,234
PASAR KETAHUN 3,21398,52,75,127
PASAR KETAHUN 4,21398,53,117,170
PASAR KETAHUN 5,21398,62,83,145
PASAR KETAHUN 6,21398,35,75,110
PASAR KETAHUN 7,21398,59,44,103
PASAR KETAHUN 8,21398,89,60,149
PASAR KETAHUN 10,21398,150,21,171
PASAR KETAHUN 11,21398,102,14,116
GIRI KENCANA 1,21399,159,82,241
GIRI KENCANA 2,21399,133,84,217
GIRI KENCANA 3,21399,96,75,171
GIRI KENCANA 4,21399,116,80,196
GIRI KENCANA 5,21399,160,63,223
GIRI KENCANA 6,21399,63,125,188
GIRI KENCANA 7,21399,69,112,181
GIRI KENCANA 8,21399,119,54,173
GIRI KENCANA 9,21399,99,81,180
GIRI KENCANA 10,21399,134,75,209
GIRI KENCANA 11,21399,106,96,202
GIRI KENCANA 12,21399,114,58,172
GIRI KENCANA 13,21399,59,52,111
GIRI KENCANA 14,21399,133,73,206
KUALA LANGI 1,21400,202,63,265
KUALA LANGI 2,21400,92,90,182
KUALA LANGI 3,21400,155,52,207
DUSUN RAJA 1,21401,134,52,186
DUSUN RAJA 2,21401,93,100,193
DUSUN RAJA 3,21401,75,150,225
DUSUN RAJA 4,21401,55,82,137
LUBUK MINDAI 1,21408,94,162,256
LUBUK MINDAI 2,21408,71,183,254
LUBUK MINDAI 3,21408,98,102,200
FAJAR BARU 1,21409,154,56,210
FAJAR BARU 2,21409,151,30,181
FAJAR BARU 3,21409,201,36,237
FAJAR BARU 4,21409,195,34,229
FAJAR BARU 5,21409,203,61,264
FAJAR BARU 6,21409,216,48,264
FAJAR BARU 7,21409,167,92,259
FAJAR BARU 8,21409,69,112,181
TALANG BARU 1,21410,89,141,230
BUKIT TINGGI 2,21414,128,40,168
BUKIT TINGGI 3,21414,167,92,259
BUKIT TINGGI 4,21414,158,35,193
BUKIT TINGGI 5,21414,136,48,184
MELATI HARJO K1 1,21415,179,11,190
MELATI HARJO K1 2,21415,185,18,203
MELATI HARJO K1 3,21415,206,23,229
MELATI HARJO K1 4,21415,162,34,196
BUKIT INDAH 1,21416,94,162,256
BUKIT INDAH 2,21416,71,183,254
BUKIT INDAH 3,21416,107,111,218
TANJUNGALAI 1,21420,130,64,194
TANJUNGALAI 2,21420,119,43,162
JABI 1,21421,72,72,144
NAPAL PUTIH 1,21422,143,85,228
NAPAL PUTIH 2,21422,118,78,196
NAPAL PUTIH 3,21422,120,63,183
AIR TENANG 2,21423,113,34,147
AIR TENANG 3,21423,166,56,222
TELUK ANGGUNG 1,21424,60,127,187
TELUK ANGGUNG 2,21424,94,17,111
TELUK ANGGUNG 3,21424,55,25,80
TANJUNG KEMENYAN 1,21425,51,134,185
TANJUNG KEMENYAN 2,21425,97,68,165
TANJUNG KEMENYAN 3,21425,114,30,144
TANJUNG KEMENYAN 4,21425,87,21,108
MUARA SANTAN 1,21426,35,103,138
MUARA SANTAN 2,21426,85,75,158
MUARA SANTAN 3,21426,35,103,138
MUARA SANTAN 4,21426,34,95,129
GEMBUNG RAYA 1,21427,213,45,258
GEMBUNG RAYA 3,21427,187,46,233
GEMBUNG RAYA 4,21427,102,91,193
GEMBUNG RAYA 5,21427,37,12,49
LEBONG TANDAI 1,21433,165,29,194
KINAL JAYA 1,21435,112,50,162
KINAL JAYA 2,21435,83,45,128
KINAL JAYA 3,21435,142,37,179
KINAL JAYA 4,21435,77,58,135
TALANG ARAH 1,21443,76,82,158
TALANG ARAH 2,21443,105,103,208
TALANG ARAH 3,21443,165,18,183
TALANG ARAH 4,21443,131,14,145
PASAR SEBELAT 1,21444,146,117,263
PASAR SEBELAT 2,21444,127,111,238
PASAR SEBELAT 3,21444,68,6,74
PASAR SEBELAT 4,21444,154,71,225
PASAR SEBELAT 5,21444,168,86,254
PASAR SEBELAT 6,21444,61,17,78
PASAR SEBELAT 7,21444,99,12,111
PASAR SEBELAT 8,21444,55,7,62
PASAR SEBELAT 9,21444,98,11,109
PASAR SEBELAT 10,21444,49,11,60
PASAR SEBELAT 11,21444,44,5,49
PASAR SEBELAT 12,21444,55,38,93
PASAR SEBELAT 13,21444,41,39,80
PASAR SEBELAT 14,21444,18,3,21
KOTA BANI 1,21445,90,99,189
KOTA BANI 2,21445,107,79,186
KOTA BANI 3,21445,179,18,197
KOTA BANI 4,21445,136,89,225
KOTA BANI 5,21445,132,63,195
KOTA BANI 6,21445,119,85,204
KOTA BANI 8,21445,93,107,200
KOTA BANI 9,21445,136,43,179
KOTA BANI 10,21445,117,31,148
KOTA BANI 11,21445,138,27,165
KOTA BANI 12,21445,176,19,195
KOTA BANI 13,21445,179,18,197
AIR MURING 1,21449,86,121,207
AIR MURING 2,21449,181,46,227
AIR MURING 3,21449,149,60,209
AIR MURING 4,21449,133,100,233
AIR MURING 5,21449,102,70,172
AIR MURING 6,21449,135,62,197
AIR MURING 7,21449,133,62,195
AIR MURING 8,21449,146,63,209
AIR PANDAN 1,21450,158,29,187
AIR PANDAN 2,21450,125,14,139
AIR PANDAN 3,21450,159,16,175
CIPTA MULYA 1,21451,168,36,204
CIPTA MULYA 2,21451,206,43,249
CIPTA MULYA 3,21451,175,41,216
CIPTA MULYA 4,21451,158,22,180
AIR PETAI 1,21453,218,29,247
AIR PETAI 2,21453,179,42,221
AIR PETAI 3,21453,270,13,283
AIR PETAI 4,21453,256,14,270
AIR PETAI 5,21453,256,13,269
AIR PETAI 6,21453,230,28,258
AIR PETAI 7,21453,197,50,247
AIR PETAI 8,21453,185,26,211
AIR PETAI 9,21453,176,17,193
AIR PETAI 10,21453,149,18,167
AIR PETAI 11,21453,142,16,158
KARANG TENGAH 1,21454,151,4,155
KARANG TENGAH 2,21454,134,14,148
KARANG TENGAH 3,21454,176,32,208
KARANG TENGAH 4,21454,129,19,148
KARANG TENGAH 5,21454,156,24,180
KARANG TENGAH 6,21454,144,5,149
KARANG TENGAH 7,21454,154,30,184
KARANG TENGAH 8,21454,68,3,71
KARANG PULAU 1,21455,126,39,165
KARANG PULAU 2,21455,153,52,205
KARANG PULAU 3,21455,155,58,213
KARANG PULAU 4,21455,164,61,225
KARANG PULAU 5,21455,192,53,245
KARANG PULAU 6,21455,156,94,250
KARANG PULAU 7,21455,163,51,214
KARANG PULAU 8,21455,198,46,244
KARANG PULAU 9,21455,186,30,216
GENTING PERANGKAP 1,21459,66,140,206
LUBUK BALAM 1,21460,21,150,171
LUBUK BALAM 2,21460,50,144,194
LUBUK BALAM 3,21460,36,164,200
LUBUK BALAM 4,21460,28,126,154
DATAR MACANG 1,21461,17,101,118
DATAR MACANG 2,21461,33,137,170
DATAR MACANG 3,21461,42,148,190
DATAR MACANG 4,21461,31,121,152
TANJUNG GENTING 1,21462,52,94,146
TANJUNG GENTING 2,21462,55,89,144
TALANG RENAH 1,21463,85,102,187
KOTA AGUNG 1,21464,106,100,206
KOTA AGUNG 2,21464,79,105,184
KOTA AGUNG 3,21464,126,66,192
KOTA AGUNG 4,21464,93,85,178
KOTA AGUNG 5,21464,114,31,145
KERTAPATI 1,21466,64,101,165
KERTAPATI 2,21466,33,165,198
KERTAPATI 3,21466,32,152,184
TALANG PUNGGUK 1,21467,31,200,231
TALANG BARU GINTING 1,21468,43,101,144
TANJUNG KARET 1,21469,41,125,166
TANJUNG KARET 2,21469,54,140,194
TALANG GINTING 1,21470,64,101,165
TALANG GINTING 2,21470,28,120,148
DUSUN CURUP 1,21472,68,167,235
DUSUN CURUP 2,21472,68,167,235
DUSUN CURUP 3,21472,78,170,248
PENYANGKAK 1,21473,98,38,136
PENYANGKAK 2,21473,78,83,161
PASAR BEMBAH 1,21475,139,87,226
PASAR BEMBAH 2,21475,106,63,169
PASAR BEMBAH 3,21475,109,125,234
TEPI LAUT 1,21476,143,94,237
TEPI LAUT 2,21476,105,81,186
PASAR KERKAP 1,21477,96,120,216
PASAR KERKAP 2,21477,88,127,215
PASAR KERKAP 3,21477,97,134,231
PASAR KERKAP 4,21477,83,121,204
AIR NAPAL 1,21479,97,117,214
AIR NAPAL 2,21479,101,96,197
TALANG KERING 1,21480,90,81,171
TALANG KERING 2,21480,67,85,152
SELUBUK 1,21481,143,137,280
SELUBUK 2,21481,60,196,256
SELUBUK 3,21481,78,137,215
PASAR TEBAT 1,21482,42,172,215
PASAR TEBAT 2,21482,68,147,215
LUBUK TANJUNG 1,21483,85,159,244
LUBUK TANJUNG 2,21483,68,161,229
PUKUR 1,21485,75,166,241
PUKUR 2,21485,49,173,222
PASAR PALIK 1,21488,75,173,248
PASAR PALIK 2,21488,140,117,257
TEBING KANDANG 1,21489,150,94,244
TEBING KANDANG 2,21489,143,101,244
TALANG JARANG 1,21490,86,95,181
TALANG JARANG 2,21490,61,79,140
PADANG BENDAR 1,21287,111,101,212
PADANG BENDAR 2,21287,92,94,186
PADANG BENDAR 3,21287,90,68,158
PADANG BENDAR 4,21287,83,59,142
BATU RAJA KOL 1,21290,92,97,189
BATU RAJA REJANG 1,21291,141,70,211
BATU RAJA REJANG 2,21291,111,76,187
BATU RAJA REJANG 4,21291,60,8,68
BATU ROTO 1,21292,113,63,176
BATU ROTO 3,21292,100,71,171
PEMATANG BALAM 1,21293,183,62,245
PEMATANG BALAM 2,21293,130,50,180
PEMATANG BALAM 3,21293,138,57,195
PEMATANG BALAM 4,21293,142,41,183
PEMATANG BALAM 5,21293,122,50,172
TALANG RENDAH 1,21294,160,80,240
TALANG RENDAH 2,21294,168,81,149
TALANG RENDAH 3,21294,91,71,162
SUMBER REJO 1,21295,145,62,207
SUMBER REJO 2,21295,119,40,159
SUMBER REJO 4,21295,140,62,202
SUMBER REJO 5,21295,171,55,226
SUMBER REJO 6,21295,90,29,119
AIR BAUS I 1,21296,109,12,121
AIR BAUS I 2,21296,95,30,125
KOTA LEKAT 1,21298,65,154,219
AIR BAUS II 1,21305,127,24,151
AIR BAUS II 2,21305,122,27,149
AIR BANAI 1,21306,122,68,190
TABA PADANG R 2,84721,97,101,198
TELUK AJANG 2,21359,154,100,254
KEMBANG MANIS 1,21361,132,114,246
KEMBANG MANIS 2,21361,118,61,179
KEMBANG MANIS 3,21361,103,64,167
TALANG ULU 1,21362,87,108,195
MESIGIT 1,21363,109,108,217
LUBUK MUMPO 1,21364,77,76,153
LUBUK MUMPO 2,21364,111,85,196
TANJUNG AUR 2,21372,42,25,67
TANJUNG AUR 3,21372,47,90,137
RETES 1,21379,45,81,126
KEMUMU 1,21310,112,93,205
KEMUMU 2,21310,156,44,200
KEMUMU 3,21310,160,95,255
KEMUMU 4,21310,166,84,250
KEMUMU 7,21310,121,50,171
AIR MERAH 1,21319,76,150,226
AIR MERAH 2,21319,79,158,237
KALI 1,21325,81,111,192
KALI 2,21325,128,125,253
KALI 3,21325,62,111,173
SUMBER AGUNG 1,21329,124,89,213
SUMBER AGUNG 2,21329,147,75,222
SUMBER AGUNG 3,21329,198,44,242
SUMBER AGUNG 4,21329,188,75,263
PEMATANG SAPANG 1,21330,105,121,226
PEMATANG SAPANG 2,21330,103,73,176
PEMATANG SAPANG 3,21330,65,61,126
PAGAR BANYU 1,21331,85,127,212
PAGAR BANYU 2,21331,87,124,211
PAGAR BANYU 3,21331,110,158,268
GARDU 1,21332,36,90,126
GARDU 2,21332,38,94,132
PAGAR RUYUNG 1,21333,75,94,169
TEBING KANING 1,21335,148,44,192
TEBING KANING 2,21335,112,63,175
TEBING KANING 3,21335,129,88,217
SIDODADI 1,21336,150,33,183
SIDODADI 2,21336,141,52,193
SIDODADI 3,21336,137,46,183
KALAI DUAI 1,21338,88,127,215
KALAI DUAI 2,21338,87,104,119
GUNUNG BESAR 1,84722,75,177,252
GUNUNG BESAR 2,84722,63,120,183
PONDOK BAKIL 1,21418,107,114,221
PONDOK BAKIL 2,21418,45,39,84
TALANG BERANTAI 2,21419,73,73,146
AIR LELANGI 1,21429,188,78,266
AIR LELANGI 2,21429,122,83,205
AIR LELANGI 3,21429,98,59,157
BANGUN KARYA 1,21434,201,42,243
BANGUN KARYA 2,21434,108,41,149
BANGUN KARYA 3,21434,90,19,109
TANJUNG DALAM 5,84724,154,41,195
PAGARDIN 1,87304,163,83,246
PAGARDIN 4,87304,66,166,232
TANJUNG HARAPAN 1,87335,141,101,242
TANJUNG HARAPAN 2,87335,171,69,240
TANJUNG HARAPAN 3,87335,195,21,216
TANJUNG HARAPAN 4,87335,125,61,186
TANJUNG HARAPAN 6,87335,161,55,216
TANJUNG SARI 1,87336,183,28,211
TANJUNG SARI 2,87336,171,50,221
TANJUNG SARI 3,87336,131,22,153
SENGKUANG 1,21303,77,92,169
SENGKUANG 2,21303,96,71,167
SENGKUANG 3,21303,69,84,153
LUBUK PENDAM 1,21308,62,117,179
LUBUK PENDAM 2,21308,53,100,153
PADANG SEPAN 1,21457,55,179,234
PADANG SEPAN 2,21457,48,186,234
SAWANG LEBAR 1,21478,96,106,202
SAWANG LEBAR 2,21478,103,80,183
SAWANG LEBAR 3,21478,105,112,217
SAWANG LEBAR 4,21478,103,105,208
LUBUK SEMANTUNG 1,21484,57,146,203
KETAPI 1,21486,19,74,93
LUBUK GADING 1,21487,90,90,180
SAWANG LEBAR ILIR 1,21491,42,161,203
SAWANG LEBAR ILIR 2,21491,48,177,225
SAWANG LEBAR ILIR 3,21491,60,153,213
TANJUNG AGUNG 1,87334,65,115,180
TANJUNG AGUNG 3,87334,116,86,202
TANJUNG AGUNG 4,87334,59,118,177
TANJUNG AGUNG 5,87334,92,104,196
BUKIT MAKMUR 1,21402,113,44,157
BUKIT MAKMUR 2,21402,189,61,250
BUKIT MAKMUR 3,21402,152,88,240
BUKIT MAKMUR 4,21402,146,72,218
BUKIT MAKMUR 5,21402,212,30,242
BUKIT MAKMUR 6,21402,216,35,251
BUKIT MAKMUR 7,21402,149,14,163
BUKIT MAKMUR 8,21402,111,33,144
BUKIT MAKMUR 10,21402,254,23,277
BUKIT MAKMUR 11,21402,118,21,139
BUKIT MAKMUR 12,21402,161,28,189
BUKIT MAKMUR 13,21402,183,37,220
MARGA BHAKTI 1,21403,207,47,254
MARGA BHAKTI 2,21403,245,33,278
MARGA BHAKTI 3,21403,202,23,225
MARGA BHAKTI 4,21403,235,23,258
MARGA BHAKTI 5,21403,173,68,241
MARGA BHAKTI 6,21403,251,16,267
MARGA BHAKTI 7,21403,196,69,265
AIR SIMPANG 1,21404,216,43,259
AIR SIMPANG 2,21404,170,33,203
AIR SIMPANG 3,21404,89,133,222
AIR SIMPANG 4,21404,157,36,193
AIR SIMPANG 5,21404,133,73,206
AIR SEKAMANAK 1,21405,223,17,240
AIR SEKAMANAK 2,21405,239,35,274
AIR SEKAMANAK 3,21405,199,32,231
AIR SEKAMANAK 4,21405,197,26,223
AIR SEKAMANAK 5,21405,104,80,184
BUKIT HARAPAN 1,21406,229,39,268
BUKIT HARAPAN 2,21406,181,53,234
BUKIT HARAPAN 4,21406,199,49,248
BUKIT HARAPAN 5,21406,108,65,173
BUKIT HARAPAN 7,21406,66,36,102
BUKIT HARAPAN 8,21406,126,1,127
BUKIT HARAPAN 9,21406,69,4,73
BUKIT HARAPAN 10,21406,110,42,152
BUKIT HARAPAN 12,21406,126,43,169
GUNUNG PAYUNG 1,21407,152,67,219
AIR SEBAYUR 1,21411,150,65,215
AIR SEBAYUR 2,21411,146,31,177
AIR SEBAYUR 3,21411,163,16,179
AIR SEBAYUR 4,21411,94,147,241
AIR SEBAYUR 5,21411,50,70,120
AIR SEBAYUR 6,21411,185,46,231
AIR SEBAYUR 7,21411,243,50,293
AIR SEBAYUR 8,21411,168,11,179
AIR SEBAYUR 10,21411,116,53,166
SUMBER MULYA 2,21412,204,34,238
BUMI HARJO 1,21413,138,52,190
BUMI HARJO 2,21413,137,80,217
BUMI HARJO 4,21413,138,94,232
TANJUNG MUARA 2,87341,75,51,126
TANJUNG MUARA 3,87341,136,93,229
TANJUNG MUARA 4,87341,117,25,142
KARYA BHAKTI 1,21437,217,28,245
KARYA BHAKTI 2,21437,229,43,272
KARYA BHAKTI 3,21437,212,54,266
KARYA BHAKTI 4,21437,197,39,236
KARYA BHAKTI 5,21437,100,20,120
KARYA BHAKTI 6,21437,121,15,136
SUKA BARU 1,21438,157,55,212
SUKA BARU 2,21438,176,20,196
SUKA BARU 3,21438,90,22,112
SUKA BARU 4,21438,140,59,199
SUKA MAJU 1,21439,120,74,194
SUKA MAJU 2,21439,166,38,204
SUKA MAJU 3,21439,162,10,172
SUKA MAJU 4,21439,150,10,160
SUKA MERINDU 1,21440,140,93,233
SUKA MERINDU 2,21440,57,111,168
SUKA MEDAN 1,21441,107,63,170
SUKA MEDAN 2,21441,136,91,227
SUKA MEDAN 3,21441,82,93,175
SUKA NEGARA 1,21442,67,75,142
SUKA NEGARA 2,21442,73,123,196
SUKA NEGARA 3,21442,86,108,194
KARYA JAYA 1,21446,168,11,179
KARYA JAYA 2,21446,163,25,188
SUKA MAKMUR 1,21447,132,49,181
SUKA MAKMUR 2,21447,135,54,189
SUKA MAKMUR 3,21447,141,43,184
SUKA MAKMUR 4,21447,135,48,183
SUKA MAKMUR 5,21447,194,36,230
SUKA MAKMUR 6,21447,192,15,207
SUKA MAKMUR 7,21447,117,44,161
SUKA MAKMUR 8,21447,120,48,168
SUKA MAKMUR 9,21447,115,43,158
SUKA MAKMUR 10,21447,144,63,207
SUKA MAKMUR 11,21447,128,47,175
SUKA MAKMUR 12,21447,163,39,202
AIR PUTIH 1,21448,187,37,224
AIR PUTIH 2,21448,197,32,229
AIR PUTIH 3,21448,151,59,210
AIR PUTIH 4,21448,150,49,199
AIR PUTIH 5,21448,136,80,216
AIR PUTIH 6,21448,98,44,142
AIR PUTIH 7,21448,152,36,188
AIR PUTIH 8,21448,146,53,199
KARYA PELITA 1,21452,159,103,262
KARYA PELITA 2,21452,138,99,237
KARYA PELITA 3,21452,155,80,235
GEDUNG WANI 1,21494,105,83,188
PENANDINGAN 1,21495,50,108,158
PENANDINGAN 2,21495,55,88,143
GERAMAT 1,21496,167,81,248
TANJUNG ALAM 1,21497,112,71,183
TANJUNG BARU 1,21498,60,63,123
TANJUNG BARU 2,21498,55,71,126
PENGURUNG 1,21499,89,50,139
PINANG JAWA 1,21500,92,42,134
GUNUNG TERANG 1,21501,100,55,155
GUNUNG TERANG 2,21501,99,92,191
TALANG PADANG 1,21502,101,59,160
TALANG PADANG 2,21502,69,91,160
GUNUNG MEGANG 1,21503,68,82,150
GUNUNG MEGANG 2,21503,52,16,68
TALANG BERANGIN 1,21504,82,15,97
JAWI 1,21505,42,87,129
JAWI 2,21505,57,113,170
PAPAHAN 1,21506,80,48,128
PINANG JAWA II 1,21507,115,88,203
TINGGI ARI 1,21509,152,73,225
TINGGI ARI 2,21509,159,64,223
TANJUNG AUR 1,21510,102,70,172
TANJUNG AUR 2,21510,96,66,162
AUR RINGIT 1,21511,110,54,164
AUR RINGIT 2,21511,107,69,176
AUR RINGIT 3,21511,110,69,179
PELAJARAN I 1,21512,54,83,137
PELAJARAN I 2,21512,48,87,135
TANJUNG KEMUNING 1,21513,69,94,163
TANJUNG KEMUNING 2,21513,63,82,145
SELIKA I 1,21514,91,149,240
TANJUNG IMAN 1,21515,128,55,183
TANJUNG IMAN 2,21515,115,57,172
PADANG LEBAN 1,21516,147,112,259
PADANG LEBAN 2,21516,142,73,215
PADANG LEBAN 3,21516,166,96,262
PADANG LEBAN 4,21516,95,104,199
BERIANG TINGGI 1,21517,196,93,289
BERIANG TINGGI 2,21517,132,90,222
BERIANG TINGGI 3,21517,90,58,147
TANJUNG BULAN 1,21518,120,101,221
TANJUNG BULAN 2,21518,145,87,232
TANJUNG BULAN 3,21518,122,67,189
PELAJARAN II 1,21519,121,75,196
SELIKA II 1,21520,66,80,146
SELIKA II 2,21520,67,75,142
SULAUWANGI 1,21521,110,77,187
SULAUWANGI 2,21521,112,70,182
PADANG KEDONDONG 1,21522,85,83,168
PADANG KEDONDONG 2,21522,96,63,159
PADANG TINGGI 1,21523,153,74,227
TANJUNG KEMUNING II 1,21524,78,143,221
TANJUNG KEMUNING II 2,21524,72,163,235
TANJUNG KEMUNING III 1,21525,81,109,190
TANJUNG KEMUNING III 2,21525,70,154,224
TANJUNG AUR II 1,21526,89,59,148
TANJUNG AUR II 2,21526,82,43,125
TANJUNG IMAN II 1,21527,129,50,179
TANJUNG IMAN II 2,21527,148,32,180
SELIKA III 1,21528,95,102,197
SELIKA III 2,21528,78,96,174
SIMPANG TIGA 1,21530,112,91,203
SIMPANG TIGA 2,21530,140,98,238
SIMPANG TIGA 3,21530,111,136,247
SIMPANG TIGA 4,21530,102,68,170
SIMPANG TIGA 5,21530,103,61,164
SIMPANG TIGA 6,21530,130,116,246
TANJUNG BETUNG I 1,21531,67,94,161
TANJUNG BETUNG I 2,21531,37,62,99
PADANG MANIS 1,21532,120,64,184
PADANG MANIS 2,21532,108,85,193
GURU AGUNG 1,21533,75,81,156
GURU AGUNG 2,21533,69,65,134
GUNUNG AGUNG 1,21534,99,72,171
GUNUNG AGUNG 2,21534,56,91,147
BANDU AGUNG 1,21535,142,101,243
BANDU AGUNG 2,21535,133,92,225
TANJUNG BETUNG II 1,21536,107,91,198
COKO ENAU 1,21537,68,116,184
COKO ENAU 2,21537,33,89,122
PANCUR NEGARA 1,21538,78,91,169
PANCUR NEGARA 2,21538,49,64,113
PERUGAIAN 1,21539,105,75,180
PERUGAIAN 2,21539,100,88,188
GURU AGUNG II 1,21540,76,59,135
GURU AGUNG II 2,21540,75,76,151
TANJUNG IMAN 1,21542,46,191,237
TANJUNG IMAN 2,21542,41,210,251
TANJUNG IMAN 3,21542,31,198,229
TANJUNG IMAN 4,21542,56,128,184
SUKARAMI 1,21543,58,165,223
SUKARAMI 2,21543,75,125,200
PAJAR BULAN 1,21544,68,201,269
PADANG HANGAT 1,21545,28,194,222
PADANG HANGAT 2,21545,29,187,216
KEMANG MANIS 1,21546,20,134,154
PENYANDINGAN 1,21547,25,95,120
SINAR JAYA 1,21548,33,99,132
SINAR JAYA 2,21548,45,95,140
TANJUNG PANDAN 1,21549,62,110,172
TANJUNG PANDAN 2,21549,46,105,151
PADANG BARU 1,21550,39,207,246
BANDAR BINTUHAN 1,21552,47,216,263
BANDAR BINTUHAN 2,21552,61,161,222
BANDAR BINTUHAN 3,21552,59,133,192
SEKUNYIT 1,21553,43,170,213
SEKUNYIT 2,21553,80,167,247
SEKUNYIT 3,21553,58,162,220
SUKA BANDUNG 1,21554,74,190,264
SUKA BANDUNG 2,21554,67,118,185
AIR DINGIN 1,21555,88,190,278
AIR DINGIN 2,21555,56,98,154
PASAR BARU 1,21556,83,196,279
PASAR BARU 2,21556,76,197,273
PASAR LAMA 1,21557,125,131,256
PASAR LAMA 2,21557,156,130,286
PASAR LAMA 3,21557,159,102,261
GEDUNG SAKO 1,21558,97,91,188
GEDUNG SAKO 2,21558,88,97,185
JEMBATAN DUA 1,21559,124,159,283
JEMBATAN DUA 2,21559,135,135,270
JEMBATAN DUA 3,21559,112,164,276
JEMBATAN DUA 4,21559,82,101,183
TANJUNG BESAR 1,21560,165,133,298
TANJUNG BESAR 2,21560,134,128,262
PENGUBAIAN 1,21561,111,104,215
PAHLAWAN RATU 1,21562,76,199,275
PAHLAWAN RATU 2,21562,102,125,227
PASAR SAOH 1,21563,72,152,224
PASAR SAOH 2,21563,77,148,225
KEPALA PASAR 1,21564,80,154,234
KEPALA PASAR 2,21564,61,145,206
KEPALA PASAR 3,21564,68,153,221
PADANG PETRON 1,21565,53,234,287
PADANG PETRON 2,21565,29,129,158
PADANG PETRON 3,21565,63,74,137
SAWAH JANGKUNG 1,21566,101,150,251
SELASIH 1,21567,58,89,147
SELASIH 2,21567,42,98,140
PADANG GENTENG 1,21568,91,187,278
PADANG GENTENG 2,21568,41,72,112
GEDUNG SAKO II 1,21569,139,117,256
GEDUNG SAKO II 2,21569,70,79,149
SINAR PAGI 1,21570,81,186,267
SINAR PAGI 2,21570,28,110,138
SINAR PAGI 3,21570,21,78,99
PARDA SUKA 1,21572,92,99,191
PARDA SUKA 2,21572,188,58,246
PARDA SUKA 3,21572,113,67,180
AIR LONG 1,21573,160,87,247
LINAU 1,21574,176,94,270
LINAU 2,21574,126,133,259
LINAU 3,21574,36,45,81
WAY HAWANG 1,21575,150,64,214
WAY HAWANG 2,21575,192,61,253
TANJUNG BARU 1,21576,144,99,243
TANJUNG BARU 2,21576,184,88,272
TANJUNG BARU 3,21576,206,49,255
TANJUNG GANTI 1,21577,66,54,120
KEDATARAN 1,21578,71,76,147
KEDATARAN 2,21578,162,12,174
KEDATARAN 3,21578,125,9,134
KEDATARAN 4,21578,144,17,161
KEDATARAN 5,21578,18,37,55
KEDATARAN 6,21578,81,36,117
KEDATARAN 7,21578,108,13,121
TANJUNG AUR 1,21579,179,35,214
TANJUNG AUR 2,21579,178,15,193
PENYANDINGAN 1,21580,37,15,52
PENYANDINGAN 2,21580,79,17,96
SUKA MENANTI 1,21581,142,73,215
SUKA MENANTI 2,21581,187,62,249
Sinar Mulya 1,21582,205,43,248
Sinar Mulya 2,21582,165,30,195
Sinar Mulya 3,21582,111,41,152
Sinar Mulya 4,21582,102,27,129
BENTENG HARAPAN 1,21583,134,96,230
BENTENG HARAPAN 2,21583,116,110,226
BAKAL MAKMUR 1,21584,103,70,173
BAKAL MAKMUR 2,21584,68,50,118
MUARA JAYA 1,21585,139,26,165
TANJUNG AGUNG 1,21586,120,108,228
TANJUNG AGUNG 2,21586,136,107,243
ARGA MULYA 1,21587,141,32,173
ARGA MULYA 2,21587,214,18,232
AIR JELATANG 1,21588,126,77,203
SUMBER HARAPAN 1,21589,142,73,215
TANJUNG BERINGIN 1,21590,175,84,259
TANJUNG BERINGIN 2,21590,204,42,246
TANJUNG BERINGIN 3,21590,137,64,201
MUARA DUA 1,21592,166,66,231
MUARA DUA 2,21592,138,51,189
MUARA DUA 3,21592,185,31,216
MUARA DUA 4,21592,192,3,132
GEDUNG MENUNG 1,21593,93,108,201
ULAK PANDAN 1,21594,110,103,213
ULAK PANDAN 2,21594,64,75,139
ULAK PANDAN 3,21594,144,89,233
ULAK PANDAN 4,21594,82,14,96
AIR PALAWAN 1,21595,142,75,217
AIR PALAWAN 2,21595,86,40,126
AIR PALAWAN 3,21595,89,49,138
AIR PALAWAN 4,21595,173,33,206
MERPAS 1,21596,139,77,216
MERPAS 2,21596,94,101,195
MERPAS 3,21596,76,9,85
MERPAS 4,21596,148,3,151
MERPAS 5,21596,154,83,237
MERPAS 6,21596,43,30,73
TANJUNG BETUAH 1,21597,90,163,253
TANJUNG BETUAH 2,21597,56,24,80
TEBING RAMBUTAN 1,21598,216,43,259
TEBING RAMBUTAN 2,21598,207,22,229
TEBING RAMBUTAN 3,21598,121,17,138
BATU LUNGUN 1,21599,98,114,212
BATU LUNGUN 2,21599,140,56,196
BATU LUNGUN 3,21599,32,3,35
BATU LUNGUN 4,21599,141,16,157
BATU LUNGUN 5,21599,83,38,121
SUMBER HARAPAN 1,21600,186,25,211
SUMBER HARAPAN 2,21600,122,13,135
SUMBER HARAPAN 3,21600,188,22,210
SUMBER HARAPAN 4,21600,172,27,199
SUKU TIGA 1,21601,176,97,273
SUKU TIGA 2,21601,105,50,155
BUKIT INDAH 1,21602,180,20,200
BUKIT INDAH 2,21602,146,37,183
BUKIT INDAH 3,21602,150,32,182
SUKA JAYA 1,21603,169,73,242
SUKA JAYA 2,21603,200,12,212
PASAR BARU 1,21604,102,57,159
PASAR BARU 2,21604,104,53,157
PASAR BARU 3,21604,139,66,205
TRI JAYA 1,21605,181,77,258
TRI JAYA 2,21605,60,16,76
TRI JAYA 3,21605,41,16,57
AIR BATANG 1,21606,212,71,283
AIR BATANG 2,21606,170,16,186
AIR BATANG 3,21606,170,48,218
SINAR BANTEN 1,21607,161,49,210
PASAR JUM'AT 1,21608,187,54,241
BUNGA MELUR 1,21610,115,85,200
BUNGA MELUR 2,21610,120,97,217
KARANG DAPO 1,21611,63,59,122
KARANG DAPO 2,21611,92,49,141
LUBUK GUNG 1,21612,48,112,160
GUNUNG TIGA 1,21613,73,170,243
SUKA MERINDU 1,21614,32,88,120
SUKA MERINDU 2,21614,70,78,148
MENTIRING 1,21615,50,105,155
MENTIRING 2,21615,14,143,157
CAHAYA BATIN 1,21616,61,188,249
CAHAYA BATIN 2,21616,119,64,183
CAHAYA BATIN 3,21616,127,57,184
AWAT MATA 1,21617,65,137,202
AWAT MATA 2,21617,62,114,176
NUSUK 1,21618,96,61,157
NUSUK 2,21618,103,102,205
TANJUNG HARAPAN 1,21619,88,91,179
TANJUNG HARAPAN 2,21619,94,83,177
GUNUNG TIGA II 1,21620,108,120,228
PADANG PANJANG 1,21621,86,99,185
MASRIA BARU 1,21622,24,159,183
TANJUNG GANTI I 1,21624,54,101,155
TANJUNG GANTI I 2,21624,76,148,224
TANJUNG GANTI II 1,21625,60,140,200
TANJUNG GANTI II 2,21625,66,118,184
RIGANGAN I 1,21626,42,153,2
RIGANGAN I 2,21626,78,104,182
RIGANGAN II 1,21627,83,108,191
RIGANGAN II 2,21627,86,116,202
RIGANGAN III 1,21628,90,111,201
RIGANGAN III 2,21628,113,120,233
SUKARAMI 1,21629,62,71,133
SUKARAMI 2,21629,84,74,158
SUKARAMI 3,21629,72,74,146
DARAT SAWAH 1,21630,70,76,146
DARAT SAWAH 2,21630,81,68,149
SIRING AGUNG 1,21631,115,51,166
SIRING AGUNG 2,21631,114,47,161
PENANTIAN 1,21632,89,40,129
PENANTIAN 2,21632,64,63,127
TALANG TAIS 1,21633,75,62,137
TALANG TAIS 2,21633,118,70,188
PAGAR DEWA 1,21634,117,80,197
PAGAR DEWA 2,21634,136,87,223
TALANG MARAP 1,21635,94,84,178
TALANG MARAP 2,21635,96,110,206
SUKA RAMI II 1,21636,54,72,126
BANGUN JIWA 1,21638,35,109,144
BANGUN JIWA 2,21638,51,79,130
CAHAYA NEGERI 1,21639,55,154,209
CAHAYA NEGERI 2,21639,58,141,199
PADANG JATI 1,21640,72,146,218
DURIAN BESAR 1,21641,41,170,211
TANJUNG BERINGIN 1,21642,40,112,152
TANJUNG BERINGIN 2,21642,35,96,131
UMBUL 1,21643,46,111,157
UMBUL 2,21643,56,61,117
BENUA RATU 1,21644,59,142,201
BENUA RATU 2,21644,49,123,172
TUGUK 1,21645,53,110,163
KEPAHYANG 1,21646,40,133,173
KEPAHYANG 2,21646,53,105,158
PULAU PANGGUNG 1,21647,68,161,229
PULAU PANGGUNG 2,21647,42,186,228
GANDA SULI 1,21648,22,99,121
GANDA SULI 2,21648,32,83,115
SERDANG INDAH 1,927554,91,55,146
SERDANG INDAH 2,927554,65,39,104
MUARA SAHUNG 1,21650,83,147,230
MUARA SAHUNG 2,21650,100,141,241
MUARA SAHUNG 3,21650,28,74,102
TRI TUNGGAL BAKTI 1,21651,102,32,134
TRI TUNGGAL BAKTI 2,21651,161,58,219
ULAK LEBAR 1,21652,98,119,217
ULAK LEBAR 2,21652,105,101,206
ULAK LEBAR 3,21652,90,52,142
ULAK LEBAR 4,21652,139,47,186
SUMBER MAKMUR 1,21653,141,57,198
ULAK BANDUNG 1,21654,55,96,151
ULAK BANDUNG 2,21654,110,138,248
ULAK BANDUNG 3,21654,85,135,220
ULAK BANDUNG 4,21654,71,117,188
ULAK BANDUNG 5,21654,40,64,107
ULAK BANDUNG 6,21654,88,38,126
ULAK BANDUNG 7,21654,98,12,110
ULAK BANDUNG 8,21654,76,15,91
CINTA MAKMUR 1,21655,53,45,98
CINTA MAKMUR 2,21655,50,36,86
BUKIT MAKMUR 1,21656,190,43,233
BUKIT MAKMUR 2,21656,96,69,165
BUKIT MAKMUR 4,21656,49,14,63
BUKIT MAKMUR 5,21656,82,25,107
SUKA BANJAR 1,21658,81,121,202
SUKA BANJAR 2,21658,59,98,157
TANJUNG BUNGA 1,21659,70,91,161
TANJUNG BUNGA 2,21659,72,88,160
CUCUPAN 1,21660,57,158,215
PAGAR DEWA 1,21661,30,131,161
TANJUNG AGUNG 1,21662,66,135,201
TANJUNG AGUNG 2,21662,50,111,161
TANJUNG AGUNG 3,21662,101,46,147
TANJUNG AGUNG 4,21662,129,43,172
BABAT 1,21663,52,150,202
BABAT 2,21663,47,150,197
KEPAHYANG 1,21664,121,124,245
TANJUNG DALAM 1,21665,81,171,252
MUARA TETAP 1,21666,64,152,216
MUARA TETAP 2,21666,67,103,170
KASUK BARU 1,21667,84,127,211
KASUK BARU 2,21667,104,124,228
PADANG BINJAI 1,21668,77,147,224
PADANG BINJAI 2,21668,59,152,211
SUKARAJA 1,21669,77,147,224
SUKARAJA 2,21669,81,167,248
DATAR LEBAR 1,21671,84,65,149
DATAR LEBAR 2,21671,100,45,145
TANJUNG BUNIAN 1,21672,56,120,176
TANJUNG BUNIAN 2,21672,41,77,118
SINAR BULAN 1,21673,43,59,102
SINAR BULAN 2,21673,64,44,108
SUKANANTI 1,21674,94,58,152
LAWANG AGUNG 1,21675,91,52,143
LAWANG AGUNG 2,21675,88,63,151
TANJUNG KURUNG 1,21676,54,52,106
TANJUNG KURUNG 2,21676,74,63,137
TANJUNG KURUNG 3,21676,49,42,91
SENAK 1,21677,67,96,163
DATAR LEBAR II 1,21678,136,70,206
AUR GADING 1,21679,127,43,170
PULAU PANGGUNG 1,21681,67,60,127
PULAU PANGGUNG 2,21681,61,43,104
TALANG BESAR 1,21682,105,48,153
TALANG BESAR 2,21682,76,62,138
TALANG JAWI I 1,21683,77,64,141
TALANG JAWI I 2,21683,70,45,115
TALANG JAWI II 1,21684,55,71,126
TALANG JAWI II 2,21684,60,54,114
AIR KERING 1,21685,49,73,122
AIR KERING 2,21685,42,69,111
GUNUNG KAYA 1,21686,56,69,125
GUNUNG KAYA 2,21686,106,121,233
ULAK AGUNG 1,21687,89,61,150
ULAK AGUNG 2,21687,101,80,181
TALANG PADANG 1,21688,72,70,142
TALANG PADANG 2,21688,95,99,194
AIR KERING II 1,21689,55,132,187
NAGARANTAI 1,21691,134,109,243
NAGARANTAI 2,21691,155,82,237
BUNGIN TAMBUN I 1,21692,128,82,210
BUNGIN TAMBUN I 2,21692,100,115,215
BUNGIN TAMBUN I 3,21692,106,87,193
BUNGIN TAMBUN II 1,21693,164,63,227
BUNGIN TAMBUN II 2,21693,90,116,206
BUNGIN TAMBUN II 3,21693,89,84,173
BUNGIN TAMBUN III 1,21694,94,87,181
BUNGIN TAMBUN III 2,21694,111,74,185
MANAU IX I 1,21695,64,99,163
MANAU IX I 2,21695,102,73,175
MANAU IX I 3,21695,110,73,183
MANAU IX 2 1,21696,82,92,174
MANAU IX 2 2,21696,115,56,171
MANAU IX 2 3,21696,99,56,155
MANAU IX 2 4,21696,69,59,128
PAGAR ALAM 1,21697,68,96,164
PAGAR ALAM 2,21697,58,123,181
PAGAR ALAM 3,21697,75,75,150
PAGAR GUNUNG 1,21698,91,83,174
PAGAR GUNUNG 2,21698,120,76,196
PAGAR GUNUNG 3,21698,90,61,151
CUKUH BETUNG 1,21699,101,76,177
CUKUH BETUNG 2,21699,55,80,135
JATI MULYO 1,21701,131,35,166
SUKARAJA 1,21704,90,158,248
SUKARAJA 2,21704,117,102,219
SUKARAJA 3,21704,94,135,229
SUKARAJA 4,21704,104,65,169
SUKARAJA 5,21704,91,70,161
SUKARAJA 6,21704,119,49,168
BABATAN 1,21705,80,113,193
BABATAN 2,21705,118,80,198
BABATAN 3,21705,76,43,119
BABATAN 4,21705,47,130,177
BABATAN 5,21705,119,20,139
BABATAN 6,21705,64,127,191
BABATAN 7,21705,135,116,251
BABATAN 8,21705,86,11,97
NIUR 1,21706,63,49,112
NIUR 2,21706,99,106,205
NIUR 3,21706,109,105,214
NIUR 4,21706,62,108,170
NIUR 5,21706,81,71,152
LUBUK SAHUNG 1,21707,153,105,258
LUBUK SAHUNG 2,21707,101,90,191
LUBUK SAHUNG 3,21707,113,117,230
BUKIT PENINJAUAN I 1,21708,163,38,201
BUKIT PENINJAUAN I 2,21708,152,48,200
BUKIT PENINJAUAN I 3,21708,193,32,225
BUKIT PENINJAUAN I 4,21708,179,31,210
BUKIT PENINJAUAN I 5,21708,193,18,211
BUKIT PENINJAUAN I 6,21708,151,58,209
PADANG PELAWI 1,21709,141,144,285
PADANG PELAWI 2,21709,55,67,122
PADANG PELAWI 3,21709,103,100,203
PADANG PELAWI 4,21709,35,184,219
PADANG PELAWI 5,21709,46,182,228
PADANG PELAWI 6,21709,37,149,186
KAYU ARANG 1,21710,34,43,77
KAYU ARANG 2,21710,43,46,89
KAYU ARANG 3,21710,100,119,219
KAYU ARANG 4,21710,110,109,219
JENGGALU 1,21711,119,156,275
JENGGALU 2,21711,89,75,164
JENGGALU 3,21711,199,17,216
JENGGALU 4,21711,66,57,123
CAHAYA NEGERI 1,21712,109,143,252
CAHAYA NEGERI 2,21712,136,123,259
CAHAYA NEGERI 3,21712,119,100,219
CAHAYA NEGERI 4,21712,74,96,170
CAHAYA NEGERI 5,21712,118,147,265
CAHAYA NEGERI 6,21712,131,104,235
CAHAYA NEGERI 7,21712,128,99,227
BUKIT PENINJAUAN II 1,21713,190,33,223
BUKIT PENINJAUAN II 2,21713,178,49,227
BUKIT PENINJAUAN II 3,21713,195,37,232
BUKIT PENINJAUAN II 4,21713,89,85,174
BUKIT PENINJAUAN II 5,21713,73,65,138
BUKIT PENINJAUAN II 6,21713,74,71,145
RIAK SIABUN 1,21714,177,56,233
RIAK SIABUN 2,21714,183,52,235
RIAK SIABUN 3,21714,227,36,263
RIAK SIABUN 4,21714,191,16,207
RIAK SIABUN 5,21714,175,80,255
RIAK SIABUN 6,21714,242,25,267
PADANG KUAS 1,21715,122,52,174
PADANG KUAS 2,21715,137,61,198
PADANG KUAS 3,21715,80,90,170
KUTI AGUNG 1,21716,57,26,83
KUTI AGUNG 2,21716,94,64,158
KUTI AGUNG 3,21716,55,55,110
KUTI AGUNG 4,21716,63,37,100
RIAK SIABUN I 1,21717,136,50,186
RIAK SIABUN I 2,21717,165,44,209
RIAK SIABUN I 3,21717,204,22,226
SIDO LUHUR 1,21718,131,52,183
SIDO LUHUR 2,21718,224,34,258
SIDO LUHUR 3,21718,187,44,231
SIDO LUHUR 4,21718,154,43,197
SIDO LUHUR 5,21718,218,35,253
SIDO LUHUR 6,21718,104,34,138
SUMBER ARUM 1,21719,198,38,236
SUMBER ARUM 2,21719,182,47,229
SUMBER ARUM 3,21719,206,39,245
SIDO SARI 1,21720,146,59,205
SIDO SARI 2,21720,125,94,219
SIDO SARI 3,21720,124,75,199
SIDO SARI 4,21720,140,69,209
SIDO SARI 5,21720,132,42,174
SARI MULYO 1,21721,121,51,172
SARI MULYO 2,21721,132,52,184
SARI MULYO 3,21721,137,77,214
SARI MULYO 4,21721,169,63,232
SARI MULYO 5,21721,231,27,258
SARI MULYO 6,21721,103,6,109
PASAR TAIS 1,21723,56,178,234
PASAR TAIS 2,21723,32,76,108
PASAR TAIS 3,21723,35,97,132
PASAR TAIS 4,21723,75,133,208
PASAR TAIS 5,21723,34,83,117
PASAR TAIS 6,21723,60,91,151
PASAR TAIS 7,21723,90,135,225
PASAR TAIS 8,21723,64,121,185
LUBUK KEBUR 1,21724,86,131,217
LUBUK KEBUR 2,21724,51,128,179
LUBUK KEBUR 3,21724,57,115,172
LUBUK LINTANG 1,21725,71,130,201
LUBUK LINTANG 2,21725,62,132,194
LUBUK LINTANG 3,21725,78,123,201
LUBUK LINTANG 4,21725,51,195,246
TALANG SALING 1,21726,68,115,183
TALANG SALING 2,21726,52,156,208
TALANG SALING 3,21726,85,109,194
DUSUN BARU 1,21727,73,146,219
DUSUN BARU 2,21727,48,128,176
DUSUN BARU 3,21727,64,88,152
DUSUN BARU 4,21727,71,148,219
TALANG DANTUK 1,21728,90,130,220
TALANG DANTUK 2,21728,79,109,188
TALANG DANTUK 3,21728,104,113,217
NAPAL 1,21729,65,147,212
NAPAL 2,21729,99,99,198
NAPAL 3,21729,98,153,251
NAPAL 4,21729,99,90,189
NAPAL 5,21729,58,112,170
MASMAMBANG 1,21731,69,130,199
MASMAMBANG 2,21731,64,187,251
MASMAMBANG 3,21731,50,163,213
MASMAMBANG 4,21731,29,224,253
NAPAL MELINTANG 1,21732,43,97,140
NAPAL MELINTANG 2,21732,31,91,122
SERAMBI GUNUNG 1,21733,52,123,175
SERAMBI GUNUNG 2,21733,53,155,208
SERAMBI GUNUNG 3,21733,49,163,212
SERAMBI GUNUNG 4,21733,57,138,195
SERAMBI GUNUNG 5,21733,67,138,205
SERAMBI GUNUNG 6,21733,56,130,186
AIR PAYANGAN 1,21734,46,57,103
AIR PAYANGAN 2,21734,48,48,96
BATU TUGU 1,21735,82,84,166
KAMPAI 1,21736,75,122,197
KAMPAI 2,21736,114,110,224
KAMPAI 3,21736,54,132,186
KAMPAI 4,21736,80,81,161
LUBUK NGANTUNGAN 1,21737,73,124,197
DURIAN BUBUR 1,21738,36,99,135
DURIAN BUBUR 2,21738,56,112,168
DURIAN BUBUR 3,21738,33,98,131
DURIAN BUBUR 4,21738,26,92,118
MUARA DANAU 1,21739,70,115,185
LUBUK GIO 1,21740,67,96,163
LUBUK GIO 2,21740,60,90,150
KEMBANG SERI 1,21741,68,109,177
KEMBANG SERI 2,21741,65,104,169
BUNUT TINGGI 1,21742,39,148,187
BUNUT TINGGI 2,21742,38,139,177
BUNUT TINGGI 3,21742,39,135,174
BUNUT TINGGI 4,21742,54,168,222
AIR TERAS 1,21743,85,138,223
AIR TERAS 2,21743,82,125,207
LUBUK GADIS 1,21744,65,54,119
LUBUK GADIS 2,21744,30,85,115
SIMPANG TIGA PAGAR GASING 1,87969,35,190,225
SIMPANG TIGA PAGAR GASING 2,87969,57,146,203
HARAPAN MULYA 1,928238,90,41,131
MARAS JAUH 1,21746,69,34,103
MARAS JAUH 2,21746,100,48,148
MARAS JAUH 3,21746,98,45,143
BANDUNG AGUNG 1,21747,95,75,170
BANDUNG AGUNG 2,21747,101,60,161
PINJU LAYANG 1,21748,86,100,186
PINJU LAYANG 2,21748,59,147,206
PINJU LAYANG 3,21748,75,119,194
NANJUNGAN 1,21749,141,44,185
NANJUNGAN 2,21749,113,65,178
PAJAR BULAN 1,21750,63,108,171
PAJAR BULAN 2,21750,85,106,191
PAJAR BULAN 3,21750,76,95,171
PAJAR BULAN 4,21750,55,98,153
PETAI KAYU 1,21751,72,85,157
PETAI KAYU 2,21751,80,71,151
PETAI KAYU 3,21751,59,82,141
NAPALAN 1,21752,82,29,111
RENAH GAJAH MATI I 1,21753,161,32,193
RENAH GAJAH MATI I 2,21753,110,12,122
RENAH GAJAH MATI II 1,21754,89,109,198
RENAH GAJAH MATI II 2,21754,141,61,202
CUGUNG LANGU 1,21755,70,159,229
RANTAU PANJANG 1,21756,23,124,147
RANTAU PANJANG 2,21756,49,114,163
RANTAU PANJANG 3,21756,50,107,157
AIR MELANCAR 1,21757,66,157,223
MUARA DUA 1,21758,118,44,162
NANTI AGUNG 1,21759,72,78,150
NANTI AGUNG 2,21759,96,49,145
TALANG DURIAN 2,21760,74,117,191
GUNUNG MESIR 1,21761,94,82,176
GUNUNG MESIR 2,21761,80,75,155
GUNUNG MESIR 3,21761,69,96,165
KAYU ELANG 1,21762,177,48,225
KAYU ELANG 2,21762,141,49,190
KAYU ELANG 3,21762,171,38,209
PADANG SERUNAIAN 1,21763,57,95,152
PADANG SERUNAIAN 2,21763,53,98,151
TEBAT GUNUNG 1,21764,121,83,204
TEBAT GUNUNG 2,21764,158,68,226
TEBAT GUNUNG 3,21764,134,57,191
TEBAT GUNUNG 4,21764,144,59,203
MEKAR SARI MUKTI 1,21765,69,18,87
SENDAWAR 1,21767,57,159,216
SENDAWAR 2,21767,48,149,197
SENDAWAR 3,21767,65,119,184
SENDAWAR 4,21767,37,159,196
GELOMBANG 1,21768,66,137,203
GELOMBANG 2,21768,56,135,191
GELOMBANG 3,21768,85,130,215
GELOMBANG 4,21768,90,114,204
LUBUK BETUNG 1,21769,92,58,150
LUBUK BETUNG 2,21769,105,56,161
LUBUK BETUNG 3,21769,84,31,115
PADANG PERI 1,21770,152,47,199
PADANG PERI 2,21770,91,77,168
PADANG PERI 3,21770,125,67,192
PADANG PERI 4,21770,113,60,173
PADANG PERI 5,21770,42,111,153
PADANG PERI 6,21770,75,104,179
KEMBANG MUMPO 1,21771,99,74,173
KEMBANG MUMPO 2,21771,80,89,169
KEMBANG MUMPO 3,21771,115,84,199
KEMBANG MUMPO 4,21771,85,77,162
KARANG ANYAR 1,21772,91,72,163
KARANG ANYAR 2,21772,57,73,130
KARANG ANYAR 3,21772,33,47,80
KARANG ANYAR 4,21772,27,85,112
UJUNG PADANG 1,21773,62,141,203
UJUNG PADANG 2,21773,104,97,201
UJUNG PADANG 3,21773,94,94,188
UJUNG PADANG 4,21773,79,122,201
UJUNG PADANG 5,21773,97,92,189
KETAPANG BARU 1,21774,95,67,162
KETAPANG BARU 2,21774,93,79,172
KETAPANG BARU 3,21774,81,136,217
KETAPANG BARU 4,21774,68,140,208
TEDUNAN 1,21775,65,84,149
TEDUNAN 2,21775,50,106,156
TEDUNAN 3,21775,77,118,195
TALANG ALAI 1,21776,91,65,156
TALANG ALAI 2,21776,105,67,172
TALANG ALAI 3,21776,90,47,137
TALANG ALAI 4,21776,102,53,155
PADANG BAKUNG 1,21777,106,60,166
PADANG BAKUNG 2,21777,89,59,148
JAMBAT AKAR 1,21778,35,83,118
JAMBAT AKAR 2,21778,28,94,122
JAMBAT AKAR 3,21778,44,67,111
JAMBAT AKAR 4,21778,33,67,100
GUNUNG KEMBANG 1,21779,92,66,158
GUNUNG KEMBANG 2,21779,68,125,193
GUNUNG KEMBANG 3,21779,94,105,199
GUNUNG BANTAN 1,21780,71,82,153
GUNUNG BANTAN 2,21780,91,96,187
GUNUNG BANTAN 3,21780,84,97,181
MARAS TENGAH 1,21781,99,79,178
MARAS TENGAH 2,21781,159,55,214
MARAS TENGAH 3,21781,101,43,144
MARAS TENGAH 4,21781,143,22,165
PADANG KELAPO 1,21782,78,72,150
PADANG KELAPO 2,21782,53,92,145
PADANG KELAPO 3,21782,79,113,192
PADANG KELAPO 4,21782,79,76,155
PEMATANG RIDING 1,21783,131,43,176
PEMATANG RIDING 2,21783,70,110,180
PEMATANG RIDING 3,21783,57,141,198
TALANG BERINGIN 1,21784,95,115,210
TALANG BERINGIN 2,21784,63,124,187
TALANG BERINGIN 3,21784,68,62,130
GENTING JUAR 1,21785,69,106,175
GENTING JUAR 2,21785,66,58,124
GENTING JUAR 3,21785,58,99,157
MUARA MARAS 1,21786,74,86,160
MUARA MARAS 2,21786,86,69,155
MUARA MARAS 3,21786,85,57,142
RIMBO BESAK 1,87975,84,40,124
RIMBO BESAK 2,87975,90,46,136
MUARA TIMPUT 1,87976,98,58,156
MUARA TIMPUT 2,87976,102,54,156
SERIAN BANDUNG 1,87977,143,95,238
SERIAN BANDUNG 2,87977,184,74,258
TALANG KEMANG 1,87978,49,108,157
TALANG KEMANG 2,87978,57,106,163
MARAS BANTAN 1,87979,82,37,119
MARAS BANTAN 2,87979,76,43,119
MARAS BANTAN 3,87979,74,48,122
KARANG DAPO 1,928239,50,119,169
KARANG DAPO 2,928239,43,127,170
KARANG DAPO 3,928239,66,106,172
SUKAMAJU 1,21788,57,186,243
SUKAMAJU 2,21788,69,101,170
SUKAMAJU 3,21788,58,146,204
SUKAMAJU 4,21788,58,153,211
TALANG ALAI 1,21789,80,89,169
TALANG ALAI 2,21789,112,95,207
TALANG ALAI 3,21789,116,95,211
TALANG ALAI 4,21789,102,84,186
TALANG BENUANG 1,21790,119,81,200
TALANG BENUANG 2,21790,119,49,168
TALANG BENUANG 3,21790,102,62,164
TALANG BENUANG 4,21790,126,89,215
TALANG BENUANG 5,21790,200,23,223
PADANG PELASAN 1,21791,80,72,152
PADANG PELASAN 2,21791,59,106,165
PADANG PELASAN 3,21791,104,137,241
PADANG PELASAN 4,21791,48,71,119
PADANG PELASAN 5,21791,75,120,195
AIR PERIUKAN 1,21792,72,148,220
AIR PERIUKAN 2,21792,70,107,177
AIR PERIUKAN 3,21792,63,103,166
AIR PERIUKAN 4,21792,109,94,203
DERMAYU 1,21793,69,136,205
DERMAYU 2,21793,90,159,249
DERMAYU 3,21793,74,101,175
DERMAYU 5,21793,138,140,278
DERMAYU 6,21793,95,17,112
KEBAN AGUNG 2,21794,65,95,160
KEBAN AGUNG 3,21794,110,140,250
SUKASARI 1,21796,230,25,255
SUKASARI 2,21796,203,35,238
SUKASARI 3,21796,246,37,283
SUKASARI 4,21796,168,25,193
SUKASARI 5,21796,219,31,250
KUNGKAI BARU 1,21797,175,22,197
KUNGKAI BARU 2,21797,175,15,190
KUNGKAI BARU 3,21797,194,22,216
KUNGKAI BARU 4,21797,213,12,225
KUNGKAI BARU 5,21797,202,12,214
TAWANG REJO 1,21798,173,19,192
TAWANG REJO 2,21798,176,22,198
TAWANG REJO 3,21798,168,16,184
TAWANG REJO 4,21798,175,46,221
TAWANG REJO 5,21798,74,27,101
LAWANG AGUNG 1,21799,119,139,258
LAWANG AGUNG 2,21799,87,182,269
LAWANG AGUNG 3,21799,104,137,241
LUBUK GILANG 3,87982,102,67,169
TALANG GIRING 1,21801,17,161,178
TALANG GIRING 2,21801,76,80,156
TALANG GIRING 3,21801,81,24,105
PADANG CAPO ILIR 1,21802,90,61,151
PADANG CAPO ILIR 2,21802,33,45,78
PADANG CAPO ILIR 3,21802,83,38,121
PADANG CAPO ULU 1,21803,62,93,155
PADANG CAPO ULU 2,21803,78,88,166
TALANG KEBUN 1,21804,101,41,142
TALANG KEBUN 2,21804,54,43,97
TALANG KEBUN 3,21804,60,106,166
GUNUNG AGUNG 1,21805,81,103,184
GUNUNG AGUNG 2,21805,37,77,114
GUNUNG AGUNG 3,21805,74,76,150
CAWANG 1,21806,62,89,151
CAWANG 2,21806,73,68,141
ARANG SAPAT 1,21807,61,127,188
ARANG SAPAT 2,21807,74,126,200
ARANG SAPAT 3,21807,56,130,186
DUSUN TENGAH 1,21808,85,115,200
DUSUN TENGAH 2,21808,56,71,127
DUSUN TENGAH 3,21808,71,143,214
TANJUNG KUAW 1,21809,57,96,153
TANJUNG KUAW 2,21809,62,96,158
TANJUNG KUAW 3,21809,80,32,112
NAPAL JUNGUR 1,21810,78,142,220
NAPAL JUNGUR 2,21810,105,98,203
NAPAL JUNGUR 3,21810,133,39,172
TUMBU'AN 1,21811,63,150,213
TUMBU'AN 2,21811,77,136,213
TUMBU'AN 3,21811,70,122,192
TUMBU'AN 4,21811,78,112,190
TUMBU'AN 5,21811,109,149,258
TUMBU'AN 6,21811,118,23,141
RENAH PANJANG 1,21812,51,152,203
RENAH PANJANG 2,21812,98,153,251
RENAH PANJANG 3,21812,89,112,201
SAKAIAN 1,87963,114,142,256
LUBUK TERENTANG 1,87964,120,146,266
TANJUNG AGUNG 1,21814,50,79,129
TANJUNG AGUNG 2,21814,53,62,115
AIR LATAK 1,21815,86,134,220
AIR LATAK 2,21815,57,134,191
TALANG PERAPAT 1,21816,162,103,265
TALANG PERAPAT 2,21816,116,147,263
TALANG PERAPAT 3,21816,136,118,254
TALANG PERAPAT 4,21816,77,5,82
PAGAR AGUNG 1,21817,74,77,151
PAGAR AGUNG 2,21817,93,81,174
PAGAR AGUNG 3,21817,75,78,153
TALANG TINGGI 1,21818,67,154,221
TALANG TINGGI 2,21818,61,145,206
TALANG TINGGI 3,21818,48,153,201
LUNJUK 1,21819,128,109,241
LUNJUK 2,21819,106,142,240
LUBUK LAGAN 1,21820,74,133,207
LUBUK LAGAN 2,21820,44,152,196
LUBUK LAGAN 3,21820,34,172,206
LUBUK LAGAN 4,21820,42,192,234
LUBUK LAGAN 5,21820,37,164,201
PURBOSARI 1,21821,119,10,129
PURBOSARI 2,21821,96,12,108
PURBOSARI 3,21821,156,31,187
PURBOSARI 4,21821,156,19,175
PURBOSARI 6,21821,195,32,227
PURBOSARI 7,21821,176,25,201
SENGKUANG JAYA 1,87984,60,111,171
SENGKUANG JAYA 2,87984,57,129,186
TALANG SALI 1,21823,87,131,218
TALANG SALI 2,21823,104,102,206
TALANG SALI 3,21823,102,120,222
TALANG SALI 4,21823,82,156,238
TALANG SALI 5,21823,111,126,237
KUNDURAN 1,21824,58,117,175
KUNDURAN 2,21824,89,118,207
KUNDURAN 3,21824,67,55,122
KOTA AGUNG 1,21825,61,176,237
KOTA AGUNG 2,21825,52,145,197
KOTA AGUNG 3,21825,54,123,177
SELEBAR 1,21826,80,150,230
SELEBAR 2,21826,53,134,187
SELEBAR 3,21826,64,143,207
SEMBAYAT 1,21827,68,139,207
SEMBAYAT 2,21827,71,143,214
SEMBAYAT 3,21827,67,150,217
SEMBAYAT 4,21827,78,142,220
BUNGA MAS 1,21828,69,128,197
BUNGA MAS 2,21828,70,121,191
BUNGA MAS 3,21828,67,155,222
BUNGA MAS 4,21828,56,135,191
BUNGA MAS 5,21828,66,126,192
BUNGA MAS 6,21828,64,135,199
TENANGAN 1,21829,123,59,182
TENANGAN 2,21829,137,81,218
TENANGAN 3,21829,146,82,228
TENANGAN 4,21829,104,80,184
RAWA SARI 1,21830,191,61,252
RAWA SARI 2,21830,206,58,264
RAWA SARI 3,21830,159,25,184
TALANG BERINGIN 1,21833,39,149,188
TALANG BERINGIN 2,21833,18,155,173
TALANG BERINGIN 3,21833,78,153,181
TALANG BERINGIN 4,21833,40,81,121
TALANG BERINGIN 5,21833,24,214,238
PUGUK 1,21834,51,98,149
PUGUK 2,21834,37,108,145
PUGUK 4,21834,37,126,163
PANDAN 1,21835,31,129,160
PANDAN 2,21835,65,101,166
PANDAN 3,21835,78,72,150
PANDAN 4,21835,53,163,216
SELINGSINGAN 1,21836,62,122,184
SELINGSINGAN 2,21836,78,112,190
SELINGSINGAN 3,21836,49,123,172
SIMPANG 1,21837,79,72,151
SIMPANG 2,21837,99,79,178
SEKALAK 1,21838,98,30,128
SEKALAK 2,21838,100,38,138
SEKALAK 3,21838,18,50,68
LUBUK RESAM 1,21839,51,118,169
LUBUK RESAM 2,21839,64,147,211
LUBUK RESAM 3,21839,70,105,175
LUBUK RESAM 4,21839,70,105,175
SINAR PAGI 1,88023,50,79,129
SINAR PAGI 2,88023,49,74,123
TALANG EMPAT 1,88024,62,109,171
TALANG EMPAT 2,88024,45,86,131
TALANG EMPAT 3,88024,50,91,141
SUKARAMI 1,21841,78,108,186
SUKARAMI 2,21841,82,101,183
TANJUNG SERU 1,21842,38,75,113
TANJUNG SERU 2,21842,57,104,161
TANJUNG SERU 3,21842,50,100,150
TANJUNGAN 1,21843,77,72,149
TANJUNGAN 2,21843,77,85,162
PASAR SELUMA 1,21844,165,74,239
PASAR SELUMA 2,21844,107,60,167
PASAR SELUMA 3,21844,132,72,204
PADANG GENTING 1,21845,71,80,151
PADANG GENTING 2,21845,76,78,154
PADANG GENTING 3,21845,74,92,166
PADANG GENTING 4,21845,100,65,165
SENGKUANG 1,21846,90,102,192
SENGKUANG 2,21846,87,101,188
SENGKUANG 3,21846,86,101,187
TANGGA BATU 1,21847,64,116,180
TANGGA BATU 2,21847,79,94,173
TANGGA BATU 3,21847,70,99,169
RIMBO KEDUI 1,21848,126,88,214
RIMBO KEDUI 2,21848,140,56,196
RIMBO KEDUI 3,21848,205,45,250
RIMBO KEDUI 4,21848,167,80,247
RIMBO KEDUI 5,21848,125,131,256
TANJUNG SELUAI 1,21849,112,64,176
TANJUNG SELUAI 2,21849,116,64,180
TANJUNG SELUAI 3,21849,82,84,166
PADANG RAMBUN 1,21850,165,41,206
PADANG RAMBUN 2,21850,169,72,241
PADANG RAMBUN 3,21850,147,65,212
PADANG RAMBUN 4,21850,100,117,217
PADANG RAMBUN 5,21850,88,88,176
PADANG RAMBUN 6,21850,113,56,169
SIDO MULYO 1,21851,125,129,254
SIDO MULYO 2,21851,152,78,230
SIDO MULYO 3,21851,126,82,208
SIDO MULYO 4,21851,159,53,212
PADANG MERBAU 1,88025,136,103,239
PADANG MERBAU 2,88025,106,131,137
PERING BARU 1,21853,115,76,191
PERING BARU 2,21853,103,82,185
PERING BARU 3,21853,93,96,189
PERING BARU 4,21853,103,66,169
PERING BARU 5,21853,19,46,65
TALANG PADANG 1,21854,89,131,220
TALANG PADANG 2,21854,85,121,206
SUKA MERINDU 1,21855,40,184,224
SUKA MERINDU 2,21855,40,179,219
SUKA MERINDU 3,21855,55,128,183
NAPALAN 1,21856,46,176,222
NAPALAN 2,21856,55,139,194
NAPALAN 3,21856,55,135,190
TABA 1,21857,108,124,232
TABA 2,21857,92,118,210
TABA 3,21857,32,134,166
TABA 4,21857,38,100,138
TABA 5,21857,51,107,158
BAKAL DALAM 1,21858,43,141,184
BAKAL DALAM 2,21858,44,164,208
BAKAL DALAM 3,21858,48,161,209
BAKAL DALAM 4,21858,60,127,187
LUBUK LAGAN 1,21859,52,111,163
LUBUK LAGAN 2,21859,67,108,175
LUBUK LAGAN 3,21859,65,105,170
LUBUK LAGAN 4,21859,49,92,141
SUNGAI PETAI 1,21860,65,86,151
SUNGAI PETAI 2,21860,74,69,143
SUNGAI PETAI 3,21860,48,69,117
SUNGAI PETAI 4,21860,35,86,121
SUKA BULAN 1,21861,75,99,174
SUKA BULAN 2,21861,66,141,207
SUKA BULAN 3,21861,54,111,165
TEBAT SIBUN 1,88026,65,101,166
TEBAT SIBUN 2,88026,55,88,143
BATU BALAI 1,928240,58,22,80
BATU BALAI 2,928240,44,24,68
PAGAR 1,21863,35,112,147
PAGAR 2,21863,54,105,159
PAGAR 3,21863,62,105,167
MUARA SIMPUR 1,21864,24,86,110
PAGAR AGUNG 1,21865,14,64,78
PAGAR BANYU 1,21866,110,72,182
PAGAR BANYU 2,21866,72,30,102
SIMPUR IJANG 1,21867,131,27,158
AIR KERUH 1,21868,58,87,145
AIR KERUH 2,21868,44,121,165
HARGO BINANGUN 1,21869,124,39,163
HARGO BINANGUN 2,21869,154,31,185
HARGO BINANGUN 3,21869,113,68,181
HARGO BINANGUN 4,21869,141,56,197
MEKAR JAYA 1,21870,129,59,188
MEKAR JAYA 2,21870,133,47,180
MEKAR JAYA 3,21870,117,59,176
GIRI NANTO 1,21871,113,27,140
BANYU KENCANA 1,88027,116,24,140
MUARA NIBUNG 1,88028,104,116,220
TANJUNG AGUNG 1,88029,49,118,167
GIRI MULYA 1,88030,81,84,165
PASAR TALO 1,21873,54,127,181
PASAR TALO 2,21873,45,80,125
PASAR TALO 3,21873,52,97,149
DUSUN BARU 1,21874,40,125,165
DUSUN BARU 2,21874,46,155,201
DUSUN BARU 3,21874,67,94,161
DUSUN BARU 4,21874,60,101,161
DUSUN BARU 5,21874,58,150,208
TALANG KABU 1,21875,81,174,255
TALANG KABU 2,21875,76,162,238
TALANG KABU 3,21875,94,132,226
TALANG KABU 4,21875,93,129,222
TALANG KABU 5,21875,102,23,125
TANAH ABANG 1,21876,70,144,214
TANAH ABANG 2,21876,35,173,208
TANAH ABANG 3,21876,37,134,171
TANAH ABANG 4,21876,46,86,132
PENAGO BARU 1,21877,116,69,185
PENAGO BARU 2,21877,117,87,204
PENAGO BARU 3,21877,158,44,202
NANTI AGUNG 1,21878,87,106,193
NANTI AGUNG 2,21878,72,103,175
TALANG PANJANG 1,21879,61,115,176
TALANG PANJANG 2,21879,51,91,142
TALANG PANJANG 3,21879,69,99,168
TALANG PANJANG 4,21879,75,108,183
PENAGO I 1,21880,42,35,77
PENAGO I 2,21880,57,87,144
PENAGO I 3,21880,75,102,177
PENAGO I 4,21880,71,70,141
PENAGO II 1,21881,91,110,201
PENAGO II 2,21881,120,73,193
PENAGO II 3,21881,119,89,208
PENAGO II 4,21881,78,51,129
PENAGO II 5,21881,108,75,183
RAWAH INDAH 1,21882,133,117,250
RAWAH INDAH 2,21882,192,50,242
RAWAH INDAH 3,21882,160,56,216
RAWAH INDAH 4,21882,79,15,94
RAWAH INDAH 5,21882,116,63,179
PADANG CEKUR 1,21883,66,149,215
PADANG CEKUR 2,21883,82,78,160
PADANG CEKUR 3,21883,89,116,205
PADANG BATU 1,21884,87,128,215
PADANG BATU 2,21884,80,100,180
PALUWA TERAP 1,88031,55,91,146
PALUWA TERAP 2,88031,55,91,146
MARGO SARI 1,88032,128,59,187
MARGO SARI 2,88032,112,27,139
MEKAR SARI 1,88033,90,81,171
MEKAR SARI 2,88033,71,120,191
MEKAR SARI 3,88033,80,105,185
SUKA PINDAH 1,21887,58,104,162
SUKA PINDAH 2,21887,69,108,177
SUKA PINDAH 3,21887,103,58,161
LUBUK PINANG 1,21888,72,127,199
LUBUK PINANG 2,21888,91,150,241
LUBUK PINANG 3,21888,62,150,212
LUBUK PINANG 4,21888,60,157,217
LUBUK PINANG 5,21888,47,131,178
LUBUK PINANG 6,21888,41,128,169
LUBUK PINANG 7,21888,39,111,150
LUBUK PINANG 8,21888,55,95,150
LUBUK PINANG 9,21888,65,85,150
ARAH TIGA 1,21889,76,154,230
ARAH TIGA 2,21889,77,185,262
ARAH TIGA 3,21889,61,172,233
ARAH TIGA 4,21889,49,83,132
ARAH TIGA 5,21889,57,74,131
ARAH TIGA 6,21889,64,99,163
ARAH TIGA 7,21889,59,67,126
LUBUK GEDANG 1,21890,86,138,224
LUBUK GEDANG 2,21890,60,134,194
LUBUK GEDANG 3,21890,72,136,208
LUBUK GEDANG 4,21890,88,145,233
LUBUK GEDANG 5,21890,56,126,182
TANJUNG ALAI 1,21891,53,170,223
TANJUNG ALAI 2,21891,85,146,231
TANJUNG ALAI 3,21891,53,135,188
TANJUNG ALAI 4,21891,103,73,176
SUMBER MAKMUR 1,21892,191,28,219
SUMBER MAKMUR 2,21892,212,22,234
SUMBER MAKMUR 3,21892,202,25,227
SUMBER MAKMUR 4,21892,172,39,211
SUMBER MAKMUR 5,21892,187,22,209
SUMBER MAKMUR 6,21892,168,40,208
SUMBER MAKMUR 7,21892,136,54,190
SUMBER MAKMUR 8,21892,136,23,159
SUMBER MAKMUR 9,21892,159,28,187
SUMBER MAKMUR 10,21892,92,6,98
RANAH KARYA 1,21893,70,153,223
RANAH KARYA 2,21893,84,120,204
RANAH KARYA 3,21893,77,112,189
RANAH KARYA 4,21893,63,121,184
RANAH KARYA 5,21893,57,158,215
PASAR MUKO-MUKO 1,21895,41,96,137
PASAR MUKO-MUKO 2,21895,46,140,186
PASAR MUKO-MUKO 3,21895,33,83,116
PASAR MUKO-MUKO 4,21895,58,152,210
PASAR MUKO-MUKO 5,21895,61,193,254
PASAR MUKO-MUKO 6,21895,43,117,160
PASAR MUKO-MUKO 7,21895,74,90,164
KOTO JAYA 1,21896,69,198,267
KOTO JAYA 2,21896,47,211,258
KOTO JAYA 3,21896,67,151,218
KOTO JAYA 4,21896,58,141,199
KOTO JAYA 5,21896,51,100,151
KOTO JAYA 6,21896,43,93,136
BANDAR RATU 2,21897,41,161,202
BANDAR RATU 3,21897,70,181,251
BANDAR RATU 4,21897,109,86,195
BANDAR RATU 5,21897,60,27,87
BANDAR RATU 6,21897,69,53,122
BANDAR RATU 7,21897,78,72,150
BANDAR RATU 8,21897,46,126,172
BANDAR RATU 10,21897,50,190,240
BANDAR RATU 11,21897,22,120,142
BANDAR RATU 12,21897,50,138,188
PASAR SEBELAH 1,21898,71,137,208
PASAR SEBELAH 2,21898,53,128,181
PASAR SEBELAH 3,21898,132,75,207
UJUNG PANDANG 1,21899,40,126,166
UJUNG PANDANG 2,21899,53,105,158
UJUNG PANDANG 3,21899,40,138,178
UJUNG PANDANG 4,21899,57,144,201
UJUNG PANDANG 5,21899,45,173,218
UJUNG PANDANG 6,21899,44,196,240
PONDOK BATU 1,21900,45,139,184
PONDOK BATU 2,21900,37,147,184
PONDOK BATU 3,21900,55,132,187
PONDOK BATU 4,21900,93,50,143
PONDOK BATU 5,21900,129,14,143
TANAH REKAH 1,21901,29,80,109
TANAH REKAH 2,21901,29,96,125
TANAH REKAH 3,21901,41,205,246
TANAH REKAH 4,21901,71,31,102
SELAGAN JAYA 1,21902,119,19,138
SELAGAN JAYA 2,21902,118,28,146
SELAGAN JAYA 3,21902,107,42,149
SELAGAN JAYA 4,21902,120,48,168
SELAGAN JAYA 5,21902,134,26,160
SELAGAN JAYA 6,21902,132,52,184
TANAH HARAPAN 1,21903,30,178,208
TANAH HARAPAN 2,21903,41,155,196
TANAH HARAPAN 3,21903,154,30,184
TANAH HARAPAN 4,21903,21,170,191
TANAH HARAPAN 5,21903,116,50,166
TANAH HARAPAN 6,21903,119,60,179
TERAS TERUNJAM 1,21905,58,120,178
TERAS TERUNJAM 2,21905,62,119,181
PONDOK KOPI 1,21906,46,197,243
PONDOK KOPI 2,21906,58,186,244
PONDOK KOPI 3,21906,43,170,213
SETIA BUDI 1,21907,163,33,196
SETIA BUDI 2,21907,185,42,227
SETIA BUDI 3,21907,218,31,249
SETIA BUDI 4,21907,177,55,232
TUNGGAL JAYA 1,21908,145,79,224
TUNGGAL JAYA 2,21908,171,35,206
TUNGGAL JAYA 3,21908,104,55,159
TALANG KUNING 1,21909,81,162,243
TALANG KUNING 2,21909,114,99,213
TALANG KUNING 3,21909,171,25,196
TERUNTUNG 1,21910,73,178,251
TERUNTUNG 2,21910,75,109,184
TERUNTUNG 3,21910,95,88,183
TERUNTUNG 4,21910,75,48,123
KARANG JAYA 1,21911,110,74,184
KARANG JAYA 2,21911,142,74,216
MEKAR JAYA 1,21912,164,45,209
MEKAR JAYA 2,21912,161,48,209
AIR BIKUK 2,21914,64,142,206
AIR BIKUK 3,21914,70,133,203
AIR BIKUK 4,21914,82,169,251
AIR BIKUK 5,21914,97,24,121
AIR BIKUK 6,21914,87,32,119
TUNGGANG 1,21915,141,95,236
TUNGGANG 2,21915,149,57,206
TUNGGANG 3,21915,76,53,129
TUNGGANG 4,21915,134,64,198
TUNGGANG 5,21915,109,110,219
TUNGGANG 6,21915,159,105,264
TUNGGANG 7,21915,93,49,142
TUNGGANG 8,21915,114,30,144
PONDOK SUGUH 1,21916,66,131,197
PONDOK SUGUH 2,21916,60,128,188
PONDOK SUGUH 3,21916,56,134,190
PONDOK SUGUH 4,21916,56,131,187
AIR BERAU 1,21917,53,110,163
AIR BERAU 2,21917,46,91,137
AIR BERAU 3,21917,98,39,137
AIR HITAM 1,21918,106,45,151
AIR HITAM 2,21918,88,73,161
AIR HITAM 3,21918,129,71,200
AIR HITAM 4,21918,96,129,225
PONDOK KANDANG 1,21919,104,104,208
PONDOK KANDANG 2,21919,87,107,194
LUBUK BENTO 1,21920,75,105,180
LUBUK BENTO 2,21920,78,105,183
LUBUK BENTO 3,21920,125,96,221
SINAR LAUT 1,21921,81,62,143
SINAR LAUT 2,21921,149,26,175
BUMI MEKAR JAYA 1,21922,145,88,233
BUMI MEKAR JAYA 2,21922,114,99,213
BUMI MEKAR JAYA 3,21922,111,81,192
BUMI MEKAR JAYA 4,21922,88,140,228
BUMI MEKAR JAYA 5,21922,148,52,200
KARYA MULYA 1,21923,118,123,241
KARYA MULYA 2,21923,143,87,230
KARYA MULYA 3,21923,87,60,147
TELUK BAKUNG 1,21924,174,15,189
AIR BULUH 1,21926,52,147,199
AIR BULUH 2,21926,40,138,178
AIR BULUH 3,21926,51,171,222
AIR BULUH 4,21926,52,26,78
AIR BULUH 5,21926,60,37,97
PULAU BARU 1,21927,106,102,208
PULAU BARU 2,21927,80,107,187
PULAU BARU 3,21927,75,97,172
PASAR IPUH 1,21928,68,132,200
PASAR IPUH 2,21928,55,122,177
MEDAN JAYA 1,21929,68,153,221
MEDAN JAYA 2,21929,62,120,182
MEDAN JAYA 3,21929,48,170,218
MEDAN JAYA 4,21929,57,104,161
MEDAN JAYA 5,21929,37,123,160
MEDAN JAYA 6,21929,43,141,184
SIBAK 1,21930,35,188,223
SIBAK 2,21930,50,185,235
SIBAK 3,21930,38,187,225
SIBAK 4,21930,40,186,226
SIBAK 5,21930,32,96,128
SIBAK 6,21930,45,89,134
SIBAK 7,21930,23,83,106
SIBAK 8,21930,37,84,121
SIBAK 9,21930,32,36,68
SIBAK 10,21930,63,59,122
SIBAK 11,21930,41,38,79
SEMUNDAM 1,21931,72,155,227
SEMUNDAM 2,21931,47,137,184
SEMUNDAM 3,21931,90,121,211
RETAK ILIR 1,21932,66,197,263
RETAK ILIR 2,21932,132,67,199
TANJUNG HARAPAN 1,21933,49,180,229
TANJUNG HARAPAN 2,21933,28,161,189
TANJUNG HARAPAN 3,21933,44,167,211
TANJUNG HARAPAN 4,21933,28,169,197
TANJUNG JAYA 1,21934,142,129,271
TANJUNG JAYA 2,21934,169,93,262
TANJUNG JAYA 3,21934,154,103,257
MANUNGGAL JAYA 1,21935,84,87,171
MANUNGGAL JAYA 2,21935,104,36,140
PULAI PAYUNG 2,21936,71,157,228
PULAI PAYUNG 3,21936,68,160,228
TIRTA MULYA 1,21938,176,75,251
TIRTA MULYA 2,21938,170,84,254
PASAR BARU 1,21939,68,160,228
PASAR BARU 2,21939,59,109,168
PULAU MAKMUR 1,21940,85,97,182
TALANG ARAH 1,21943,41,137,178
TALANG ARAH 2,21943,49,156,205
TALANG ARAH 3,21943,45,173,218
SERAMI BARU 1,21944,31,101,132
SERAMI BARU 2,21944,60,104,164
SERAMI BARU 3,21944,41,24,65
LUBUK TALANG 1,21945,29,166,195
LUBUK TALANG 2,21945,61,122,183
LUBUK TALANG 3,21945,34,41,75
LUBUK TALANG 5,21945,59,28,87
LUBUK TALANG 6,21945,73,43,116
GAJAH MAKMUR 1,21946,115,30,145
GAJAH MAKMUR 3,21946,192,27,219
GAJAH MAKMUR 4,21946,50,51,101
GAJAH MAKMUR 5,21946,43,12,55
GAJAH MAKMUR 6,21946,32,12,44
GAJAH MAKMUR 7,21946,75,54,129
SEMAMBANG MAKMUR 1,21947,96,65,161
TALANG BARU 1,21948,77,164,241
TALANG BARU 2,21948,51,184,235
TALANG BARU 3,21948,47,202,249
AIR MERAH 1,21949,40,143,183
AIR MERAH 2,21949,36,122,158
AIR MERAH 3,21949,35,184,219
ARGA JAYA 1,21951,141,80,221
ARGA JAYA 2,21951,146,69,215
ARGA JAYA 3,21951,85,113,198
ARGA JAYA 4,21951,102,121,223
ARGA JAYA 5,21951,119,118,237
ARGA JAYA 6,21951,133,65,198
AIR RAMI 1,21952,73,139,212
AIR RAMI 2,21952,81,140,221
AIR RAMI 3,21952,99,146,245
RAMI MULIA 1,21953,154,35,189
RAMI MULIA 2,21953,88,129,217
RAMI MULIA 3,21953,66,74,140
RAMI MULIA 4,21953,205,42,247
TALANG RIO 1,21954,24,160,184
TALANG RIO 2,21954,11,200,211
MAKMUR JAYA 1,21955,160,70,230
MAKMUR JAYA 2,21955,158,58,216
MARGA MULIA 1,21956,128,127,255
MARGA MULIA 2,21956,132,117,149
MARGA MULIA 3,21956,85,166,251
MEKAR JAYA 1,21957,136,103,239
MEKAR JAYA 2,21957,124,116,240
MEKAR JAYA 3,21957,135,81,216
DUSUN PULAU 1,21958,54,156,210
DUSUN PULAU 2,21958,60,187,247
DUSUN PULAU 3,21958,109,113,222
BUKIT HARAPAN 1,21959,122,62,184
BUKIT HARAPAN 2,21959,100,75,175
BUKIT HARAPAN 3,21959,94,75,169
TIRTA KENCANA 1,21960,121,62,183
TIRTA KENCANA 2,21960,132,61,193
TIRTA KENCANA 3,21960,125,66,191
BUKIT MULYA 1,21961,127,50,177
BUKIT MULYA 2,21961,152,29,181
BUKIT MULYA 3,21961,135,30,165
CINTA ASIH 1,21962,98,75,173
CINTA ASIH 2,21962,131,86,217
PASAR BANTAL 1,21964,57,57,114
PASAR BANTAL 2,21964,76,150,226
PASAR BANTAL 3,21964,71,130,201
PASAR BANTAL 4,21964,63,157,220
NENGGALO 1,21965,26,71,97
NENGGALO 2,21965,62,111,173
PONDOK BARU 1,21966,82,125,207
PONDOK BARU 2,21966,85,151,236
BUNGA TANJUNG 1,21967,93,92,185
BUNGA TANJUNG 2,21967,136,76,212
BUNGA TANJUNG 3,21967,92,115,207
BANDAR JAYA 1,21968,174,77,251
BANDAR JAYA 2,21968,208,35,243
BANDAR JAYA 3,21968,214,32,246
BANDAR JAYA 4,21968,121,23,144
BRANGAN MULYA 1,21970,60,121,181
BRANGAN MULYA 2,21970,43,70,113
LUBUK SELANDAK 1,21972,220,18,238
LUBUK SELANDAK 2,21972,59,17,76
NELAN INDAH 1,21973,74,107,181
NELAN INDAH 2,21973,70,107,177
NELAN INDAH 3,21973,60,92,152
MANDI ANGIN JAYA 1,21974,68,106,174
MANDI ANGIN JAYA 2,21974,63,112,175
MANDI ANGIN JAYA 3,21974,67,108,175
PERNYAH 1,21976,0,0,0
PERNYAH 2,21976,74,169,243
SIDO MAKMUR 1,927465,158,32,190
SIDO MAKMUR 3,927465,204,44,248
SUNGAI IPUH 1,21978,97,138,235
SUNGAI IPUH 2,21978,69,97,166
LUBUK SAHUNG 1,21979,69,128,197
LUBUK SAHUNG 2,21979,60,143,203
SURIAN BUNGKAL 1,21980,19,120,139
SURIAN BUNGKAL 2,21980,42,175,217
SUNGAI GADING 2,21981,35,146,181
SUNGAI GADING 3,21981,23,133,156
SUNGAI GADING 4,21981,31,159,190
PONDOK BARU 1,21982,48,125,173
PONDOK BARU 2,21982,47,145,192
SUNGAI JERINJING 1,21983,32,158,190
SUNGAI JERINJING 2,21983,26,103,129
LUBUK BANGKO 3,927476,53,127,180
LUBUK BANGKO 4,927476,38,149,187
TALANG MEDAN 3,927483,59,68,127
PENARIK 1,21991,90,96,186
PENARIK 2,21991,96,147,243
PENARIK 3,21991,102,110,212
PENARIK 4,21991,47,128,175
PENARIK 5,21991,86,151,237
PENARIK 6,21991,149,60,209
PENARIK 7,21991,108,151,259
PENARIK 8,21991,134,21,155
PENARIK 9,21991,151,78,229
PENARIK 10,21991,145,79,224
PENARIK 11,21991,77,111,188
LUBUK MUKTI 2,21992,169,53,222
LUBUK MUKTI 3,21992,146,46,192
LUBUK MUKTI 4,21992,178,14,192
LUBUK MUKTI 5,21992,220,10,230
LUBUK MUKTI 7,21992,108,82,190
BUMI MULYA 1,21993,142,23,165
BUMI MULYA 2,21993,120,51,171
BUMI MULYA 3,21993,127,58,185
BUMI MULYA 4,21993,111,87,198
BUMI MULYA 5,21993,186,65,251
BUMI MULYA 6,21993,114,51,167
BUMI MULYA 7,21993,189,44,233
SUKA MAJU 1,21994,130,87,217
SUKA MAJU 2,21994,144,57,201
SUKA MAJU 3,21994,161,45,206
SUKA MAJU 4,21994,175,18,193
SUKA MAJU 5,21994,118,66,184
BUKIT MAKMUR 1,21995,138,49,187
BUKIT MAKMUR 2,21995,109,67,176
BUKIT MAKMUR 3,21995,171,25,196
SUMBER MULYA 1,21996,183,13,196
SUMBER MULYA 2,21996,186,50,236
SUMBER MULYA 3,21996,169,58,227
SIDODADI 1,21997,175,74,249
SIDODADI 2,21997,168,62,230
SIDODADI 3,21997,99,72,171
SIDODADI 4,21997,77,92,169
SIDODADI 5,21997,121,75,196
MAJU MAKMUR 1,21998,149,36,185
MAJU MAKMUR 2,21998,179,49,228
MAJU MAKMUR 3,21998,126,43,169
SENDANG MULYO 1,21999,123,14,137
SENDANG MULYO 2,21999,114,9,123
MARGA MULYA SAKTI 1,22000,205,38,243
MARGA MULYA SAKTI 2,22000,205,21,226
MARGA MULYA SAKTI 3,22000,140,14,154
WONOSOBO 5,927477,220,21,241
MEKAR MULYA 2,927479,158,61,219
MEKAR MULYA 3,927479,140,14,154
MEKAR MULYA 4,927479,145,17,162
MEKAR MULYA 6,927479,149,70,219
SIDO MULYO 2,927480,134,23,157
MARGA MUKTI 1,927481,139,22,161
MARGA MUKTI 2,927481,143,15,158
MARGA MUKTI 3,927481,140,14,154
MARGA MUKTI 4,927481,173,47,220
LUBUK SANAI 1,22006,77,145,222
LUBUK SANAI 2,22006,59,124,183
LUBUK SANAI 3,22006,39,149,188
LUBUK SANAI 4,22006,34,142,176
LUBUK SANAI 5,22006,60,129,189
LUBUK SANAI 6,22006,45,85,130
RAWA MULYA 1,22007,162,42,204
RAWA MULYA 2,22007,207,24,231
RAWA MULYA 4,22007,175,39,214
RAWA MULYA 5,22007,100,58,158
RAWA MULYA 6,22007,111,31,142
RAWA BANGUN 1,22008,195,42,237
RAWA BANGUN 2,22008,201,15,216
RAWA BANGUN 3,22008,193,44,237
TANJUNG MULYA 1,22009,166,78,244
TANJUNG MULYA 2,22009,189,33,222
TANJUNG MULYA 3,22009,147,70,217
TANJUNG MULYA 4,22009,189,19,208
TANJUNG MULYA 5,22009,169,43,217
TANJUNG MULYA 6,22009,133,29,162
TANJUNG MULYA 7,22009,193,45,238
PAUH TARENJA 1,22010,124,119,243
PAUH TARENJA 2,22010,172,71,243
PAUH TARENJA 3,22010,67,164,231
PAUH TARENJA 4,22010,87,159,246
DUSUN BARU PELOKAN 1,22011,40,176,216
DUSUN BARU PELOKAN 2,22011,30,154,184
DUSUN BARU PELOKAN 3,22011,52,161,213
DUSUN BARU PELOKAN 4,22011,44,155,199
DUSUN BARU PELOKAN 5,22011,157,55,212
DUSUN BARU PELOKAN 6,22011,179,53,232
LUBUK SANAI II 2,22012,118,77,195
LUBUK SANAI II 3,22012,125,29,154
LUBUK SANAI III 1,22013,94,142,236
LUBUK SANAI III 2,22013,99,102,201
LUBUK SANAI III 3,22013,170,71,241
LALANG LUAS 1,22015,53,121,174
LALANG LUAS 2,22015,82,94,176
LALANG LUAS 3,22015,67,116,183
RESNO 1,22016,66,120,186
RESNO 2,22016,78,133,211
PONDOK PANJANG 1,22017,104,89,193
PONDOK PANJANG 2,22017,50,86,136
PONDOK PANJANG 3,22017,100,101,201
TALANG PETAI 1,22018,46,163,209
SUNGAI LINTANG 1,22019,20,116,136
SUNGAI LINTANG 2,22019,17,119,136
PONDOK TENGAH 1,22020,75,110,185
PONDOK TENGAH 2,22020,43,91,134
PONDOK TENGAH 3,22020,75,112,187
TALANG SAKTI 1,22021,27,195,222
TALANG SAKTI 2,22021,27,195,222
TALANG SEPAKAT 1,22022,32,123,155
TALANG SEPAKAT 2,22022,167,47,214
TALANG SEPAKAT 3,22022,27,125,152
LUBUK CABAU 1,22023,66,77,143
LUBUK CABAU 2,22023,54,88,142
LUBUK CABAU 3,22023,131,31,162
LUBUK CABAU 4,22023,116,24,140
SUNGAI RENGAS 1,22024,52,104,156
SUNGAI RENGAS 2,22024,41,83,124
PONDOK MAKMUR 1,22026,157,87,244
PONDOK MAKMUR 2,22026,181,24,205
PONDOK MAKMUR 3,22026,142,46,188
MANJUTO JAYA 2,22027,158,79,237
MANJUTO JAYA 3,22027,149,32,181
TIRTA MAKMUR 1,22028,194,23,217
TIRTA MAKMUR 2,22028,155,51,206
TIRTA MAKMUR 3,22028,165,79,244
TIRTA MAKMUR 4,22028,188,34,222
TIRTA MAKMUR 5,22028,202,13,215
AGUNG JAYA 1,22029,117,75,192
AGUNG JAYA 3,22029,214,29,243
AGUNG JAYA 5,22029,176,33,209
TIRTA MULYA 1,22030,145,41,186
KOTA PRAJA 2,22031,209,33,242
SIDO MAKMUR 1,22033,161,55,216
SIDO MAKMUR 2,22033,169,39,208
SIDO MAKMUR 3,22033,184,26,210
AIR DIKIT 2,22036,109,63,172
SARI BULAN 1,22038,95,104,199
SARI BULAN 2,22038,117,92,209
SARI BULAN 3,22038,142,72,214
SARI MAKMUR 1,22039,201,31,232
PADANG GADING 4,22044,169,34,203
GAJAH MATI 2,22045,53,110,163
MEKAR SARI 1,22046,173,16,189
MEKAR SARI 2,22046,187,43,230
MEKAR SARI 3,22046,154,46,200
BIOA SENGOK 1,22054,128,58,186
BIOA SENGOK 2,22054,142,55,197
BIOA SENGOK 3,22054,162,75,237
BIOA SENGOK 4,22054,134,63,197
RIMBO PENGADANG 1,22055,100,71,171
RIMBO PENGADANG 2,22055,123,65,188
RIMBO PENGADANG 3,22055,92,83,175
RIMBO PENGADANG 4,22055,117,78,195
TIK KUTO 1,22061,159,66,225
TIK KUTO 2,22061,15,4,19
TALANG RATAU 1,22062,130,55,185
TALANG RATAU 2,22062,130,61,191
TALANG RATAU 3,22062,107,39,146
BAJOK 1,89499,92,41,133
BAJOK 2,89499,105,29,134
TELUK DIEN 1,89502,120,52,172
TELUK DIEN 2,89502,89,44,133
SUKA SARI 1,22064,158,53,211
SUKA SARI 2,22064,109,50,159
SUKA SARI 3,22064,120,77,197
KUTAI DONOK 1,22065,121,41,162
KUTAI DONOK 2,22065,135,51,186
KUTAI DONOK 3,22065,84,50,134
KUTAI DONOK 4,22065,115,58,173
KUTAI DONOK 5,22065,53,2,55
MANGKURAJO 1,22066,202,44,246
MANGKURAJO 2,22066,170,69,239
MANGKURAJO 3,22066,206,46,252
TES 1,22067,132,46,178
TES 2,22067,161,38,199
TES 3,22067,120,33,153
TES 4,22067,99,47,146
TES 5,22067,90,38,128
TES 6,22067,78,83,161
TES 7,22067,83,51,134
TES 8,22067,106,37,143
TES 9,22067,87,47,134
TES 10,22067,112,57,169
TES 11,22067,99,43,142
TES 12,22067,108,48,156
TABA ANYAR 1,22068,118,55,173
TABA ANYAR 2,22068,133,75,208
TABA ANYAR 3,22068,91,37,128
TABA ANYAR 4,22068,140,62,202
TABA ANYAR 5,22068,118,45,163
TABA ANYAR 6,22068,101,72,173
TABA ANYAR 7,22068,119,92,211
TABA ANYAR 8,22068,102,69,171
TABA ANYAR 9,22068,102,55,157
TABA ANYAR 10,22068,119,65,184
TURAN TIGING 1,22069,110,56,166
TURAN TIGING 2,22069,103,63,166
TURAN TIGING 3,22069,104,51,155
MUBAI 1,22070,133,49,182
MUBAI 2,22070,96,51,147
MUBAI 3,22070,125,38,163
MUBAI 4,22070,135,67,202
MUBAI 5,22070,156,37,193
TURAN LALANG 1,22071,88,80,168
TURAN LALANG 2,22071,82,56,138
TURAN LALANG 3,22071,118,48,166
TURAN LALANG 4,22071,84,64,148
TURAN LALANG 5,22071,81,68,149
TURAN LALANG 6,22071,123,45,168
TIK JENIAK 1,929014,149,70,219
TIK JENIAK 2,929014,145,87,232
TIK JENIAK 3,929014,151,102,253
MANAI BLAU 1,929015,148,49,197
MANAI BLAU 2,929015,132,40,172
MANAI BLAU 3,929015,130,74,204
KARANG ANYAR 1,22083,101,103,204
KARANG ANYAR 2,22083,135,83,218
TANJUNG BUNGAI I 1,22084,81,132,213
TANJUNG BUNGAI I 2,22084,72,131,203
TANJUNG BUNGAI I 3,22084,80,107,187
TANJUNG BUNGAI I 4,22084,77,101,178
PAGAR AGUNG 2,22085,54,158,212
PAGAR AGUNG 3,22085,45,164,209
EMBONG PANJANG 1,22086,74,88,162
EMBONG PANJANG 2,22086,58,108,166
EMBONG PANJANG 3,22086,56,113,169
EMBONG PANJANG 4,22086,84,119,203
SEMELAKO II 1,84727,73,110,183
SEMELAKO II 2,84727,93,77,170
SEMELAKO II 3,84727,86,78,164
SEMELAKO II 4,84727,96,74,170
SEMELAKO II 5,84727,110,74,184
SEMELAKO III 1,84728,116,67,183
SEMELAKO ATAS 1,84729,130,78,208
SEMELAKO ATAS 4,84729,142,64,206
DANAU LIANG 1,84730,83,24,107
DANAU LIANG 2,84730,98,41,139
TANJUNG BUNGAI II 1,84731,72,111,183
TANJUNG BUNGAI II 2,84731,80,114,194
TANJUNG BUNGAI II 3,84731,72,96,168
TANJUNG BUNGAI II 4,84731,62,116,178
SEMELAKO I 1,89524,144,99,243
SEMELAKO I 2,89524,125,95,220
SEMELAKO I 3,89524,111,112,223
TIK TEBING 1,22094,71,97,168
TIK TEBING 2,22094,95,113,208
TIK TEBING 3,22094,94,91,185
TABEAK BLAU I 1,89544,78,119,197
TABEAK BLAU I 2,89544,70,109,179
TABEAK BLAU I 3,89544,89,96,185
BLAU 1,93367,150,125,275
DANEU 1,93368,89,115,204
DANEU 2,93368,74,124,198
DANEU 3,93368,92,105,197
DANEU 4,93368,80,105,185
TABEAK BLAU 1,93369,71,82,153
TABEAK BLAU 2,93369,80,76,156
TABEAK BLAU 3,93369,74,117,191
TABEAK BLAU 4,93369,85,111,196
SUKAU KAYO 1,93370,118,75,193
SUKAU KAYO 2,93370,105,112,217
TALANG ULU 1,22107,58,116,174
TALANG ULU 2,22107,54,116,170
TALANG ULU 3,22107,67,103,170
KAMPUNG MUARA AMAN 2,22108,77,78,155
KAMPUNG MUARA AMAN 3,22108,77,57,134
KAMPUNG MUARA AMAN 4,22108,56,60,116
KAMPUNG MUARA AMAN 5,22108,87,72,159
KAMPUNG MUARA AMAN 6,22108,70,72,142
KAMPUNG MUARA AMAN 7,22108,53,89,142
KAMPUNG MUARA AMAN 8,22108,89,118,207
PASAR MUARA AMAN 1,22122,68,73,141
PASAR MUARA AMAN 3,22122,56,84,140
PASAR MUARA AMAN 4,22122,58,56,114
PASAR MUARA AMAN 5,22122,61,70,131
PASAR MUARA AMAN 6,22122,71,106,177
KAMPUNG JAWA 1,22123,105,120,225
KAMPUNG JAWA 2,22123,82,107,189
KAMPUNG JAWA 3,22123,69,109,178
KAMPUNG JAWA 4,22123,93,107,200
KAMPUNG JAWA 5,22123,66,84,150
KAMPUNG JAWA 6,22123,37,98,135
KAMPUNG JAWA 7,22123,67,143,210
KAMPUNG JAWA 8,22123,51,152,203
GANDUNG 1,22124,104,111,215
GANDUNG 2,22124,100,86,8
GANDUNG 3,22124,105,83,188
GANDUNG 4,22124,128,106,234
LOKASARI 1,22125,84,94,178
LOKASARI 2,22125,94,107,201
LOKASARI 3,22125,71,74,145
LEBONG TAMBANG 1,22126,79,100,179
LEBONG TAMBANG 2,22126,69,108,177
LEBONG TAMBANG 3,22126,103,120,223
LEBONG TAMBANG 4,22126,98,113,211
LEBONG TAMBANG 5,22126,69,139,208
LEBONG TAMBANG 6,22126,86,130,216
LEBONG TAMBANG 7,22126,100,124,224
KAMPUNG DALAM 2,22127,83,116,199
LADANG PALEMBANG 1,22128,94,82,176
LADANG PALEMBANG 2,22128,67,118,185
LADANG PALEMBANG 3,22128,102,65,167
TUNGGANG 1,22129,89,115,204
TUNGGANG 2,22129,90,103,193
TUNGGANG 3,22129,72,113,185
TUNGGANG 4,22129,84,84,168
TUNGGANG 5,22129,99,114,213
TUNGGANG 6,22129,118,134,252
NANGAI AMEN 1,84736,107,78,185
NANGAI AMEN 2,84736,107,58,165
NANGAI AMEN 3,84736,91,51,142
NANGAI AMEN 4,84736,91,65,156
GANDUNG BARU 1,84737,108,80,188
GANDUNG BARU 2,84737,122,69,191
GANDUNG BARU 3,84737,131,51,182
TALANG DONOK 1,22057,76,82,158
TALANG DONOK 2,22057,81,67,148
SUKA NEGERI 1,22060,117,100,217
SUKA NEGERI 2,22060,97,90,187
SUKA NEGERI 3,22060,89,93,182
SUKA NEGERI 4,22060,120,99,219
SUKA NEGERI 5,22060,110,116,226
TIK SIRONG 1,84738,130,73,203
TALANG DONOK I 1,84740,104,85,189
TALANG BARU I 2,84741,87,60,147
TOPOS 1,89423,128,77,205
KARANG DAPO ATAS 1,22072,142,50,192
KARANG DAPO ATAS 2,22072,103,69,172
KARANG DAPO ATAS 3,22072,112,63,175
KARANG DAPO ATAS 4,22072,122,50,172
KARANG DAPO ATAS 5,22072,115,79,194
KARANG DAPO BAWAH 1,22073,162,57,219
KARANG DAPO BAWAH 2,22073,144,57,201
KARANG DAPO BAWAH 3,22073,140,99,239
PUNGGUK PEDARO 1,22074,104,83,187
PUNGGUK PEDARO 3,22074,75,66,141
PUNGGUK PEDARO 4,22074,92,68,160
PUNGGUK PEDARO 5,22074,107,68,175
PUNGGUK PEDARO 6,22074,79,88,167
PUNGGUK PEDARO 7,22074,77,104,183
TALANG KERINCI 1,22075,133,83,216
TALANG KERINCI 2,22075,146,62,208
BUNGIN 2,22078,101,75,176
BUNGIN 3,22078,131,80,211
BUNGIN 4,22078,102,73,175
BUKIT NIBUNG 1,84743,161,24,185
PELABUHAN TALANG LIAK 1,84744,90,70,160
PELABUHAN TALANG LIAK 2,84744,93,67,160
PELABUHAN TALANG LIAK 3,84744,136,48,184
PELABUHAN TALANG LIAK 4,84744,77,62,139
TALANG LIAK I 1,84745,117,72,189
TALANG LIAK I 2,84745,128,70,198
TALANG LIAK I 3,84745,121,71,192
TALANG LIAK I 4,84745,127,63,190
TALANG LIAK I 5,84745,129,54,183
TALANG LIAK I 6,84745,133,65,198
TALANG LIAK II 1,84746,131,39,170
TALANG LIAK II 2,84746,124,40,164
TALANG LIAK II 3,84746,105,39,144
TALANG LIAK II 4,84746,117,41,158
TALANG LIAK II 5,84746,130,47,177
SUKA BUMI 1,22087,108,162,270
SUKA BUMI 2,22087,119,139,258
SUKA BUMI 3,22087,133,116,249
MAGELANG BARU 1,22090,113,78,191
MAGELANG BARU 2,22090,123,58,181
MAGELANG BARU 3,22090,107,64,171
MAGELANG BARU 4,22090,106,54,160
MAGELANG BARU 5,22090,99,61,160
MUNING AGUNG 1,84747,136,112,248
MUNING AGUNG 2,84747,133,116,249
UJUNG TANJUNG III 1,84748,98,110,208
UJUNG TANJUNG III 2,84748,103,82,185
LEMEU PIT 1,84749,108,64,172
LEMEU PIT 2,84749,90,63,153
LEMEU PIT 3,84749,91,68,159
LEMEU PIT 4,84749,85,65,150
TABEAK KAUK 1,84750,108,103,211
TABEAK KAUK 2,84750,106,94,200
TABEAK DIPOA 1,84751,101,128,229
TABEAK DIPOA 2,84751,102,107,209
UJUNG TANJUNG I 1,89432,106,64,170
UJUNG TANJUNG I 2,89432,103,53,156
UJUNG TANJUNG I 3,89432,117,46,163
UJUNG TANJUNG I 4,89432,129,57,186
UJUNG TANJUNG I 5,89432,92,69,161
UJUNG TANJUNG I 6,89432,98,79,177
UJUNG TANJUNG II 1,89433,121,68,189
UJUNG TANJUNG II 2,89433,102,61,163
UJUNG TANJUNG II 3,89433,109,57,166
UJUNG TANJUNG II 4,89433,101,26,127
UJUNG TANJUNG II 5,89433,82,33,115
UJUNG TANJUNG II 6,89433,95,69,164
UJUNG TANJUNG II 7,89433,66,60,126
KOTA BARU SANTAN 1,22097,73,123,196
KOTA BARU SANTAN 2,22097,120,118,238
GUNUNG ALAM 1,22104,84,79,163
GUNUNG ALAM 2,22104,88,106,194
GUNUNG ALAM 3,22104,84,69,153
TANJUNG AGUNG 1,22105,80,101,181
TANJUNG AGUNG 2,22105,68,81,149
TANJUNG AGUNG 3,22105,83,85,168
TANJUNG AGUNG 4,22105,65,98,163
SUKAU DATANG 1,84752,76,120,196
SUKAU DATANG 2,84752,87,100,187
SUKAU DATANG 3,84752,84,96,180
SUKAU DATANG 4,84752,98,118,216
SUKAU DATANG I 1,84753,111,108,219
SUKAU DATANG I 2,84753,101,135,236
TABEAK BLAU II 1,84754,118,82,200
TABEAK BLAU II 2,84754,72,96,168
TIK TELEU 1,84755,64,76,140
TIK TELEU 2,84755,105,71,176
TIK TELEU 3,84755,89,100,189
PELABAI 1,89434,100,104,204
PELABAI 2,89434,102,101,203
PELABAI 3,89434,129,113,242
GARUT 1,22113,97,91,188
GARUT 2,22113,78,112,190
GARUT 3,22113,84,102,1
TALANG BUNUT 2,22119,137,72,209
NANGAI TAYAU 1,84757,90,109,199
NANGAI TAYAU 2,84757,88,96,184
NANGAI TAYAU 3,84757,78,103,181
NANGAI TAYAU I 1,84758,130,133,263
NANGAI TAYAU I 2,84758,130,103,233
PYANG MBIK 1,84759,106,75,181
PYANG MBIK 2,84759,106,86,192
PYANG MBIK 3,84759,102,86,188
SUKAU MERGO 1,84760,93,75,168
SUKAU MERGO 2,84760,84,87,171
SUKAU MERGO 3,84760,85,67,152
SUKAU RAJO 1,84761,105,179,284
SELEBAR JAYA 1,84762,84,94,178
SUNGAI GERONG 1,89308,78,105,183
SUNGAI GERONG 2,89308,65,112,177
SUNGAI GERONG 3,89308,69,115,184
AMEN 2,89422,120,97,217
AMEN 3,89422,105,108,213
AMEN 4,89422,88,95,183
EMBONG 1,22114,121,86,207
EMBONG 2,22114,91,105,196
KOTA BARU 1,22115,123,120,243
KOTA BARU 2,22115,100,118,218
KOTA AGUNG 1,22116,68,123,191
KOTA AGUNG 2,22116,71,107,178
KOTA AGUNG 3,22116,80,101,181
KOTA AGUNG 4,22116,44,87,131
KOTA AGUNG 5,22116,64,80,144
EMBONG I 1,84763,94,79,173
EMBONG I 2,84763,67,85,152
LEMEU 1,84764,69,102,171
LEMEU 2,84764,80,89,169
LEMEU 3,84764,65,90,155
LEMEU 4,84764,82,90,172
LEMEU 5,84764,80,116,196
TANGUA 2,84765,70,84,154
TANGUA 3,84765,83,76,159
PANGKALAN 1,89309,84,91,175
PANGKALAN 2,89309,81,96,177
AIR KOPRAS 1,22130,81,86,167
AIR KOPRAS 2,22130,66,126,192
AIR KOPRAS 3,22130,68,95,163
AIR KOPRAS 4,22130,84,105,189
AIR KOPRAS 5,22130,87,101,188
KETENONG I 1,84766,147,51,198
KETENONG I 2,84766,126,48,174
KETENONG II 1,84767,121,46,167
KETENONG II 2,84767,128,54,182
KETENONG JAYA 1,84768,192,25,217
KETENONG JAYA 2,84768,151,37,188
TAMBANG SAWEAK 1,84769,95,140,235
TAMBANG SAWEAK 2,84769,116,116,232
BIOA PUTIAK 1,84770,83,59,142
BIOA PUTIAK 2,84770,81,60,141
BIOA PUTIAK 3,84770,95,77,172
SEBELAT 1,84771,138,44,182
SUNGAI LISAI 1,84772,80,36,116
SUNGAI LISAI 2,84772,28,7,35
KEBAN AGUNG 1,22137,28,100,128
KEBAN AGUNG 2,22137,48,72,120
KEBAN AGUNG 3,22137,51,130,181
KEBAN AGUNG 4,22137,51,91,142
KEBAN AGUNG 5,22137,70,74,144
KEBAN AGUNG 6,22137,147,58,205
KEBAN AGUNG 7,22137,97,23,120
KOTA AGUNG 1,22138,50,114,164
KOTA AGUNG 2,22138,51,124,175
KEMBANG SERI 1,22139,54,119,173
KEMBANG SERI 2,22139,69,150,219
KEMBANG SERI 3,22139,68,86,154
KEMBANG SERI 4,22139,46,143,189
PAGAR AGUNG 1,22140,52,112,164
PAGAR AGUNG 2,22140,38,101,139
PAGAR AGUNG 3,22140,46,61,107
EMBONG IJUK 1,22141,53,111,164
EMBONG IJUK 2,22141,65,128,193
EMBONG IJUK 3,22141,47,143,190
EMBONG IJUK 4,22141,53,101,154
EMBONG IJUK 5,22141,55,136,191
EMBONG IJUK 6,22141,42,125,167
GUNUNG AGUNG 1,22142,51,78,129
GUNUNG AGUNG 2,22142,49,84,133
GUNUNG AGUNG 3,22142,67,109,176
TALANG PITO 1,22143,80,115,195
CINTO MANDI 1,22144,31,114,145
CINTO MANDI 2,22144,39,117,156
CINTO MANDI 3,22144,31,83,114
CINTO MANDI 4,22144,37,103,140
LIMBUR LAMA 1,22145,53,71,124
LIMBUR LAMA 2,22145,38,92,130
TABA BARU 1,22146,29,75,104
TABA BARU 2,22146,28,117,145
BUKIT MENYAN 1,22147,167,76,243
BUKIT MENYAN 2,22147,166,73,239
BUKIT MENYAN 3,22147,145,73,218
BATU BELARIK 1,22148,47,91,138
BATU BELARIK 2,22148,77,116,193
BATU BELARIK 3,22148,69,114,183
EMBONG SIDO 1,22149,51,117,168
EMBONG SIDO 2,22149,57,118,175
EMBONG SIDO 3,22149,71,127,198
TALANG SAWAH 1,22150,35,112,147
TALANG SAWAH 2,22150,27,106,133
TALANG SAWAH 3,22150,58,63,121
SOSOKAN CINTA MANDI 1,22151,77,132,209
SOSOKAN CINTA MANDI 2,22151,62,152,214
SOSOKAN CINTA MANDI 3,22151,58,95,153
MUARA LANGKAP 1,22152,52,91,143
MUARA LANGKAP 2,22152,82,64,146
AIR RAMAN 1,22153,70,97,167
AIR RAMAN 2,22153,35,64,99
AIR RAMAN 3,22153,59,84,143
LANGGAR JAYA 1,928210,28,61,89
LANGGAR JAYA 2,928210,63,53,116
UJAN MAS ATAS 1,22155,60,79,139
UJAN MAS ATAS 2,22155,57,71,128
UJAN MAS ATAS 4,22155,68,66,134
UJAN MAS ATAS 5,22155,74,85,159
UJAN MAS ATAS 7,22155,70,95,165
UJAN MAS ATAS 8,22155,65,56,121
UJAN MAS ATAS 9,22155,80,47,127
UJAN MAS ATAS 10,22155,86,75,161
UJAN MAS ATAS 11,22155,75,49,124
UJAN MAS ATAS 12,22155,67,75,142
UJAN MAS ATAS 13,22155,74,61,135
UJAN MAS ATAS 14,22155,68,48,116
DASPETAH 1,22156,84,28,112
DASPETAH 2,22156,69,28,97
DASPETAH 3,22156,148,53,201
DASPETAH 4,22156,129,39,168
DASPETAH 6,22156,110,40,150
DASPETAH 7,22156,85,43,128
DASPETAH 8,22156,153,29,182
DASPETAH 9,22156,136,40,176
DASPETAH 10,22156,105,40,145
SURO LEMBAK 1,22157,111,105,216
SURO LEMBAK 2,22157,111,123,234
TANJUNG ALAM 2,22158,26,96,122
TANJUNG ALAM 3,22158,88,135,223
TANJUNG ALAM 4,22158,56,149,205
SURO ILIR 1,22159,74,91,165
SURO ILIR 2,22159,90,89,179
SURO ILIR 3,22159,90,94,184
SURO ILIR 4,22159,78,109,187
SURO MUNCAR 1,22160,102,98,200
SURO MUNCAR 2,22160,99,68,167
SURO MUNCAR 3,22160,81,92,173
SURO MUNCAR 4,22160,99,101,200
SURO BARU 1,22161,91,66,157
SURO BARU 2,22161,86,70,156
SURO BARU 3,22161,72,65,137
SURO BARU 4,22161,65,75,140
PEKALONGAN 2,22162,71,80,151
PEKALONGAN 3,22162,94,79,173
PEKALONGAN 4,22162,104,81,185
PEKALONGAN 5,22162,94,90,184
PEKALONGAN 6,22162,86,87,173
BUMI SARI 1,22163,44,163,207
BUMI SARI 2,22163,49,106,155
BUMI SARI 3,22163,39,98,137
BUMI SARI 4,22163,75,134,209
BUMI SARI 5,22163,73,121,194
BUMI SARI 6,22163,72,125,197
CUGUNG LALANG 1,22164,64,90,159
CUGUNG LALANG 2,22164,61,84,145
UJAN MAS BAWAH 1,22165,87,73,160
UJAN MAS BAWAH 2,22165,75,44,119
UJAN MAS BAWAH 3,22165,79,66,145
UJAN MAS BAWAH 4,22165,81,43,124
SURO BALI 1,22166,104,39,143
SURO BALI 2,22166,90,59,149
PUNGGUK MERANTI 1,22167,81,168,249
PUNGGUK MERANTI 2,22167,65,146,211
PUNGGUK MERANTI 3,22167,62,127,189
PUNGGUK MERANTI 4,22167,57,114,171
PUNGGUK BERINGANG 1,22168,184,64,248
PUNGGUK BERINGANG 2,22168,109,60,169
MERANTI JAYA 1,22169,48,171,219
MERANTI JAYA 2,22169,28,138,166
MERANTI JAYA 3,22169,59,160,219
MERANTI JAYA 4,22169,45,99,144
MERANTI JAYA 5,22169,47,124,171
MERANTI JAYA 6,22169,33,111,144
AIR HITAM 1,22170,42,118,160
AIR HITAM 2,22170,26,114,140
DASPETAH II 1,22171,124,45,169
DASPETAH II 2,22171,105,85,190
DASPETAH II 3,22171,59,25,84
DASPETAH II 4,22171,128,31,159
DASPETAH II 5,22171,118,31,149
DASPETAH II 6,22171,107,24,131
TEBAT KARAI 6,22173,103,75,178
TALANG KARET 1,22176,138,112,250
TALANG KARET 2,22176,55,63,118
TALANG KARET 3,22176,49,74,123
TALANG KARET 4,22176,70,113,183
TALANG KARET 5,22176,56,114,170
TALANG KARET 6,22176,58,119,177
PERADUAN BINJAI 2,22177,40,43,83
PERADUAN BINJAI 3,22177,32,70,102
PERADUAN BINJAI 4,22177,94,96,190
PERADUAN BINJAI 5,22177,79,133,212
PENANJUNG PANJANG 1,22178,86,95,181
PENANJUNG PANJANG 2,22178,60,112,172
PENANJUNG PANJANG 3,22178,47,100,147
NANTI AGUNG 1,22179,53,74,127
NANTI AGUNG 2,22179,76,67,143
NANTI AGUNG 3,22179,44,102,146
NANTI AGUNG 4,22179,76,145,221
TABA AIR PAUH 1,22180,65,103,168
TABA AIR PAUH 2,22180,63,52,115
TABA AIR PAUH 3,22180,46,101,147
KARANG TENGAH 2,22181,51,87,138
KARANG TENGAH 4,22181,50,86,136
TAPAK GEDUNG 1,22182,111,109,220
TAPAK GEDUNG 2,22182,71,129,200
TAPAK GEDUNG 3,22182,77,59,136
TEBING PENYAMUN 3,22183,60,101,161
TEBING PENYAMUN 4,22183,80,127,207
SINAR GUNUNG 1,22184,76,160,236
SINAR GUNUNG 2,22184,118,124,242
PENANJUNG PANJANG ATAS 1,22186,47,94,141
PENANJUNG PANJANG ATAS 2,22186,52,127,179
PENANJUNG PANJANG ATAS 3,22186,81,135,216
PENANJUNG PANJANG ATAS 4,22186,46,85,131
PENSIUNAN 1,22188,23,69,92
PENSIUNAN 2,22188,40,132,172
PENSIUNAN 3,22188,56,121,177
PENSIUNAN 4,22188,65,215,280
PENSIUNAN 5,22188,30,77,107
PENSIUNAN 6,22188,24,69,93
PENSIUNAN 7,22188,51,94,145
PENSIUNAN 8,22188,23,74,97
PENSIUNAN 9,22188,69,172,241
PENSIUNAN 10,22188,32,81,113
PENSIUNAN 11,22188,57,62,119
PENSIUNAN 13,22188,89,121,210
PASAR KEPAHIANG 1,22189,19,109,128
PASAR KEPAHIANG 2,22189,44,108,152
PASAR KEPAHIANG 3,22189,28,122,150
PASAR KEPAHIANG 4,22189,34,35,69
PASAR KEPAHIANG 5,22189,30,55,85
PASAR KEPAHIANG 6,22189,32,77,109
PASAR KEPAHIANG 7,22189,42,83,125
PASAR KEPAHIANG 8,22189,99,116,215
PASAR KEPAHIANG 9,22189,78,105,183
PASAR KEPAHIANG 10,22189,30,80,110
PASAR KEPAHIANG 11,22189,94,132,226
PASAR KEPAHIANG 12,22189,53,75,128
PASAR KEPAHIANG 13,22189,25,88,113
PASAR UJUNG 1,22190,63,163,226
PASAR UJUNG 2,22190,85,140,225
PASAR UJUNG 3,22190,50,49,99
PASAR UJUNG 4,22190,93,97,190
PASAR UJUNG 5,22190,83,115,198
PASAR UJUNG 6,22190,52,103,155
PASAR UJUNG 7,22190,42,86,128
PASAR UJUNG 8,22190,52,131,184
PASAR UJUNG 9,22190,63,152,215
PASAR UJUNG 10,22190,47,133,180
PASAR UJUNG 11,22190,121,113,234
PASAR UJUNG 12,22190,75,73,148
PASAR UJUNG 13,22190,72,59,131
PASAR UJUNG 15,22190,42,82,124
PASAR UJUNG 16,22190,55,149,204
PASAR UJUNG 17,22190,52,128,180
DUSUN KEPAHIANG 1,22191,62,87,149
DUSUN KEPAHIANG 2,22191,60,150,210
DUSUN KEPAHIANG 3,22191,87,189,276
DUSUN KEPAHIANG 4,22191,79,128,207
DUSUN KEPAHIANG 5,22191,75,100,175
DUSUN KEPAHIANG 6,22191,70,131,201
DUSUN KEPAHIANG 7,22191,75,75,150
DUSUN KEPAHIANG 8,22191,93,109,202
DUSUN KEPAHIANG 9,22191,58,65,125
KELILIK 1,22192,65,144,209
KELILIK 2,22192,84,180,264
TEBAT MONOK 1,22193,63,116,179
TEBAT MONOK 2,22193,67,126,193
TEBAT MONOK 3,22193,49,149,198
TEBAT MONOK 4,22193,64,148,212
TEBAT MONOK 5,22193,72,151,223
TEBAT MONOK 6,22193,63,136,199
TEBAT MONOK 7,22193,66,142,208
TEBAT MONOK 8,22193,61,125,186
TEBAT MONOK 9,22193,55,105,160
TEBAT MONOK 10,22193,74,143,6
TEBAT MONOK 11,22193,88,169,257
PERMU 1,22194,86,113,222
PERMU 2,22194,66,109,175
PERMU 3,22194,77,125,202
IMIGRASI PERMU 1,22195,79,107,186
IMIGRASI PERMU 2,22195,70,110,180
IMIGRASI PERMU 3,22195,77,89,166
IMIGRASI PERMU 4,22195,111,85,196
IMIGRASI PERMU 5,22195,81,95,176
IMIGRASI PERMU 6,22195,78,102,180
KARANG ENDAH 1,22196,71,137,208
WESKUST 1,22197,68,110,178
WESKUST 2,22197,51,127,178
WESKUST 3,22197,66,73,139
KAMPUNG BOGOR 1,22198,94,152,246
KAMPUNG BOGOR 2,22198,96,111,207
KAMPUNG BOGOR 3,22198,116,91,207
KAMPUNG BOGOR 4,22198,160,2,162
KUTO REJO 1,22199,109,147,256
KUTO REJO 2,22199,105,121,226
KUTO REJO 3,22199,107,153,260
KUTO REJO 4,22199,121,123,244
KARANG ANYAR 1,22200,115,141,256
KARANG ANYAR 2,22200,79,127,206
TABA TEBELET 1,22201,101,170,271
TABA TEBELET 2,22201,51,113,164
TABA TEBELET 3,22201,107,111,218
TABA TEBELET 4,22201,58,134,192
PELANGKIAN 1,22202,145,94,239
PELANGKIAN 2,22202,125,68,193
PELANGKIAN 3,22202,95,62,157
PELANGKIAN 4,22202,93,127,220
KELOBAK 1,22203,61,52,113
KELOBAK 2,22203,86,52,138
KELOBAK 3,22203,72,47,119
KELOBAK 4,22203,61,58,119
KELOBAK 5,22203,153,43,196
KELOBAK 6,22203,135,52,187
PAGAR GUNUNG 1,22204,119,77,196
PAGAR GUNUNG 2,22204,161,71,232
PAGAR GUNUNG 3,22204,148,64,212
PAGAR GUNUNG 4,22204,179,65,244
SUKAMERINDU 1,22205,62,103,165
SUKAMERINDU 2,22205,58,51,109
SUKAMERINDU 3,22205,48,54,102
SUKAMERINDU 4,22205,69,45,114
KAMPUNG PENSIUNAN 2,928212,31,80,111
KAMPUNG PENSIUNAN 4,928212,77,67,144
KAMPUNG PENSIUNAN 6,928212,53,71,124
PASAR SEJANTUNG 1,928213,58,101,159
PASAR SEJANTUNG 3,928213,37,74,111
PASAR SEJANTUNG 6,928213,45,96,141
PASAR SEJANTUNG 7,928213,81,125,206
PADANG LEKAT 2,928214,50,131,186
PADANG LEKAT 8,928214,59,172,231
PERMU BAWAH 2,928216,106,119,225
DURIAN DEPUN 5,22207,71,167,238
DURIAN DEPUN 6,22207,66,175,241
DURIAN DEPUN 7,22207,43,159,202
DURIAN DEPUN 8,22207,38,101,139
DURIAN DEPUN 9,22207,59,164,223
DURIAN DEPUN 10,22207,62,137,199
PULO GETO 1,22208,38,97,135
PULO GETO 2,22208,55,116,171
PULO GETO 3,22208,84,132,216
PULO GETO 4,22208,56,92,148
PULO GETO 5,22208,48,97,145
TABA MULAN 1,22209,69,83,152
TABA MULAN 2,22209,92,111,203
TABA MULAN 3,22209,52,101,153
TABA MULAN 4,22209,81,119,200
LUBUK PENYAMUN 1,22210,50,102,152
LUBUK PENYAMUN 2,22210,79,84,163
LUBUK PENYAMUN 3,22210,114,107,221
SIMPANG KOTA BINGIN 1,22211,62,130,192
SIMPANG KOTA BINGIN 2,22211,61,121,182
SIMPANG KOTA BINGIN 3,22211,82,124,206
SIMPANG KOTA BINGIN 4,22211,83,143,226
BATU AMPAR 2,22213,76,111,187
PULO GETO BARU 1,22214,49,172,221
PULO GETO BARU 2,22214,55,116,171
PULO GETO BARU 3,22214,26,136,162
TANGSI BARU 1,22216,100,83,183
TANGSI BARU 2,22216,87,52,139
TANGSI BARU 3,22216,151,100,251
TANGSI BARU 4,22216,97,76,173
TANGSI BARU 5,22216,87,72,159
TANGSI BARU 6,22216,111,103,214
BANDUNG BARU 1,22217,129,33,162
BANDUNG BARU 2,22217,139,19,158
BANDUNG BARU 3,22217,47,31,78
BANDUNG BARU 4,22217,165,17,182
BUKIT SARI 1,22218,167,15,182
BUKIT SARI 2,22218,142,24,166
TUGU REJO 1,22219,171,37,208
TUGU REJO 2,22219,191,52,243
SUKA SARI 1,22220,134,60,194
SUKA SARI 2,22220,153,47,200
SUKA SARI 3,22220,133,18,151
AIR SEMPIANG 1,22221,150,92,242
AIR SEMPIANG 2,22221,170,74,244
TANGSI DUREN 1,22222,121,77,198
TANGSI DUREN 2,22222,145,61,206
TANGSI DUREN 3,22222,141,62,203
BABAKAN BOGOR 1,22223,82,80,162
BABAKAN BOGOR 2,22223,107,50,157
BABAKAN BOGOR 3,22223,113,63,176
BARAT WETAN 2,22224,162,61,223
BARAT WETAN 3,22224,121,62,183
PEMATANG DONOK 1,22225,62,43,105
PEMATANG DONOK 2,22225,56,56,112
PEMATANG DONOK 3,22225,81,53,134
PEMATANG DONOK 4,22225,103,75,178
SUMBER SARI 1,22226,120,18,138
SUMBER SARI 2,22226,130,19,149
SUMBER SARI 3,22226,162,14,176
SUMBER SARI 4,22226,130,25,155
MEKAR SARI 1,22227,153,25,178
MEKAR SARI 2,22227,200,28,228
SIDO MAKMUR 1,22228,133,129,262
SIDO REJO 2,928217,189,41,230
BANDUNG JAYA 1,928218,172,22,194
BANDUNG JAYA 2,928218,100,22,122
BENUANG GALING 1,22231,65,67,132
BENUANG GALING 2,22231,92,105,197
BENUANG GALING 3,22231,59,96,155
BENUANG GALING 4,22231,92,115,207
AIR SELIMANG 1,22232,95,43,138
AIR SELIMANG 2,22232,104,31,135
AIR SELIMANG 3,22232,95,44,139
AIR SELIMANG 4,22232,77,44,121
TEBAT LAUT 1,22233,79,127,206
TEBAT LAUT 2,22233,82,110,192
TEMDAK 1,22234,96,81,177
TEMDAK 2,22234,100,30,130
TABA PADANG 1,22235,145,62,207
LUBUK SAUNG 1,22236,93,137,230
KANDANG 1,22237,94,115,209
KANDANG 2,22237,63,68,131
KANDANG 3,22237,72,75,147
CIREBON BARU 1,22238,108,99,207
CIREBON BARU 2,22238,88,91,179
TALANG GELOMPOK 1,22239,130,116,246
AIR PESI 1,22240,106,66,172
AIR PESI 2,22240,131,63,194
TALANG BABATAN 1,928219,105,72,177
TALANG BABATAN 2,928219,115,93,208
BAYUNG 1,928220,66,60,126
BAYUNG 2,928220,81,66,147
SUNGAI JERNIH 1,928221,94,26,120
SUNGAI JERNIH 2,928221,75,30,105
LIMBUR BARU 1,22242,114,87,201
LIMBUR BARU 2,22242,115,88,203
BATU KALUNG 1,22243,76,135,211
BATU KALUNG 2,22243,68,98,166
BATU KALUNG 3,22243,66,109,175
BATU KALUNG 4,22243,48,77,125
BATU KALUNG 6,22243,50,90,140
BATU KALUNG 7,22243,55,82,137
BATU KALUNG 8,22243,74,108,182
BATU BANDUNG 1,22244,82,114,196
BATU BANDUNG 2,22244,61,124,185
BATU BANDUNG 3,22244,74,161,235
BATU BANDUNG 4,22244,29,91,120
BATU BANDUNG 5,22244,45,111,156
BATU BANDUNG 6,22244,56,34,90
BATU BANDUNG 7,22244,92,84,176
BATU BANDUNG 8,22244,67,71,138
BATU BANDUNG 9,22244,92,143,233
BATU BANDUNG 10,22244,45,55,97
BATU BANDUNG 11,22244,75,66,141
BATU BANDUNG 12,22244,77,169,264
BATU BANDUNG 13,22244,47,100,147
BATU BANDUNG 14,22244,74,55,129
BATU BANDUNG 15,22244,54,60,114
BATU BANDUNG 16,22244,40,120,160
BATU BANDUNG 17,22244,78,72,150
BATU BANDUNG 18,22244,86,96,182
BATU BANDUNG 19,22244,99,41,140
BATU BANDUNG 20,22244,130,59,189
BATU BANDUNG 21,22244,106,58,164
BATU BANDUNG 22,22244,120,64,184
BATU BANDUNG 23,22244,126,75,201
BATU BANDUNG 24,22244,85,104,189
BATU BANDUNG 25,22244,87,73,159
BATU BANDUNG 26,22244,82,65,147
BATU BANDUNG 27,22244,14,99,113
BATU BANDUNG 28,22244,42,55,97
SOSOKAN BARU 1,22245,64,127,191
SOSOKAN BARU 2,22245,52,117,169
SOSOKAN BARU 3,22245,64,114,178
SOSOKAN BARU 4,22245,62,108,170
SOSOKAN TABA 1,22246,113,153,266
SOSOKAN TABA 2,22246,80,141,221
SOSOKAN TABA 3,22246,114,129,243
SOSOKAN TABA 4,22246,85,103,188
SOSOKAN TABA 6,22246,59,114,173
SOSOKAN TABA 7,22246,58,83,141
SOSOKAN TABA 8,22246,60,108,168
SOSOKAN TABA 9,22246,67,120,187
SOSOKAN TABA 10,22246,72,116,188
SOSOKAN TABA 11,22246,84,93,177
SOSOKAN TABA 12,22246,71,123,194
SOSOKAN TABA 13,22246,105,47,152
SOSOKAN TABA 14,22246,149,119,268
SOSOKAN TABA 15,22246,92,80,172
SOSOKAN TABA 16,22246,102,71,173
SOSOKAN TABA 17,22246,25,218,243
TALANG TIGE 1,22247,70,77,147
TALANG TIGE 2,22247,92,141,233
TALANG TIGE 3,22247,105,81,186
TALANG TIGE 4,22247,138,125,263
RENAH KURUNG 1,22248,117,89,206
RENAH KURUNG 2,22248,133,88,221
RENAH KURUNG 3,22248,90,76,166
RENAH KURUNG 4,22248,104,103,207
RENAH KURUNG 5,22248,83,114,197
RENAH KURUNG 6,22248,115,50,165
WARUNG POJOK 1,928222,92,58,150
WARUNG POJOK 2,928222,81,64,145
WARUNG POJOK 3,928222,80,26,106
WARUNG POJOK 4,928222,80,26,106
SUKARAMI 1,22254,83,172,255
SUKARAMI 2,22254,87,182,269
SUKARAMI 3,22254,62,146,208
SUKARAMI 4,22254,76,148,224
SUKARAMI 5,22254,56,142,198
SUKARAMI 6,22254,60,164,224
SUKARAMI 7,22254,64,77,141
SUKARAMI 8,22254,86,163,249
SUKARAMI 9,22254,77,118,195
SUKARAMI 10,22254,75,113,188
SUKARAMI 12,22254,90,183,273
SUKARAMI 13,22254,43,146,189
SUKARAMI 14,22254,36,107,143
SUKARAMI 15,22254,45,96,141
SUKARAMI 16,22254,59,151,210
SUKARAMI 17,22254,87,61,148
SUKARAMI 18,22254,117,127,244
SUKARAMI 19,22254,109,100,209
SUKARAMI 20,22254,150,114,264
SUKARAMI 21,22254,89,143,232
SUKARAMI 22,22254,88,174,262
SUKARAMI 23,22254,101,107,208
SUKARAMI 24,22254,84,138,222
SUKARAMI 25,22254,110,66,176
SUKARAMI 26,22254,107,58,165
SUKARAMI 27,22254,50,83,133
SUKARAMI 28,22254,76,101,177
SUKARAMI 30,22254,103,112,215
SUKARAMI 31,22254,93,82,175
SUKARAMI 32,22254,112,117,229
PAGAR DEWA 1,22255,116,95,211
PAGAR DEWA 2,22255,93,159,252
PAGAR DEWA 3,22255,65,100,165
PAGAR DEWA 4,22255,80,139,219
PAGAR DEWA 5,22255,36,121,157
PAGAR DEWA 6,22255,99,101,200
PAGAR DEWA 7,22255,107,109,216
PAGAR DEWA 8,22255,124,102,226
PAGAR DEWA 9,22255,94,115,209
PAGAR DEWA 11,22255,69,100,169
PAGAR DEWA 12,22255,108,106,214
PAGAR DEWA 13,22255,78,86,164
PAGAR DEWA 15,22255,56,39,95
PAGAR DEWA 16,22255,90,162,252
PAGAR DEWA 17,22255,83,76,159
PAGAR DEWA 18,22255,100,77,177
PAGAR DEWA 19,22255,77,85,162
PAGAR DEWA 20,22255,62,162,224
PAGAR DEWA 21,22255,36,81,117
PAGAR DEWA 22,22255,38,86,124
PAGAR DEWA 23,22255,57,57,133
PAGAR DEWA 24,22255,90,124,214
PAGAR DEWA 25,22255,96,95,191
PAGAR DEWA 27,22255,80,50,130
PAGAR DEWA 28,22255,96,103,199
PAGAR DEWA 29,22255,85,132,217
PAGAR DEWA 30,22255,93,121,214
PAGAR DEWA 32,22255,92,99,191
PAGAR DEWA 33,22255,129,141,270
PAGAR DEWA 35,22255,73,103,176
PAGAR DEWA 36,22255,65,91,156
PAGAR DEWA 37,22255,60,73,133
PAGAR DEWA 38,22255,64,83,147
PAGAR DEWA 39,22255,113,144,257
PAGAR DEWA 40,22255,65,109,174
PAGAR DEWA 41,22255,66,77,143
PAGAR DEWA 43,22255,44,72,116
PAGAR DEWA 44,22255,135,104,239
PAGAR DEWA 45,22255,102,57,159
PAGAR DEWA 46,22255,97,70,167
PAGAR DEWA 47,22255,104,103,207
PAGAR DEWA 48,22255,90,139,229
PAGAR DEWA 49,22255,89,106,195
PAGAR DEWA 50,22255,61,123,184
PAGAR DEWA 51,22255,109,110,219
PAGAR DEWA 52,22255,98,116,214
PAGAR DEWA 53,22255,102,136,238
PAGAR DEWA 54,22255,90,100,190
PAGAR DEWA 55,22255,77,79,156
PAGAR DEWA 56,22255,67,84,151
PAGAR DEWA 57,22255,74,66,140
PAGAR DEWA 58,22255,101,83,184
PAGAR DEWA 59,22255,71,66,137
PAGAR DEWA 61,22255,45,56,101
PAGAR DEWA 62,22255,77,81,158
BETUNGAN 1,22256,82,96,178
BETUNGAN 2,22256,66,85,151
BETUNGAN 4,22256,70,135,205
BETUNGAN 6,22256,71,126,197
BETUNGAN 7,22256,83,72,155
BETUNGAN 8,22256,127,113,240
BETUNGAN 9,22256,158,61,219
BETUNGAN 10,22256,76,71,147
BETUNGAN 11,22256,110,66,176
BETUNGAN 12,22256,82,118,0
BETUNGAN 13,22256,86,130,216
BETUNGAN 14,22256,145,97,242
BETUNGAN 15,22256,141,86,227
BETUNGAN 17,22256,82,100,182
BETUNGAN 18,22256,80,44,124
BETUNGAN 20,22256,179,86,265
BETUNGAN 22,22256,91,162,253
BETUNGAN 23,22256,107,141,248
BETUNGAN 26,22256,101,109,210
BETUNGAN 28,22256,80,172,252
BETUNGAN 29,22256,27,136,163
BETUNGAN 30,22256,69,154,223
BETUNGAN 32,22256,80,127,207
PEKAN SABTU 1,22257,161,87,248
PEKAN SABTU 2,22257,129,101,230
PEKAN SABTU 3,22257,109,132,241
PEKAN SABTU 4,22257,80,129,209
PEKAN SABTU 5,22257,61,146,207
PEKAN SABTU 7,22257,74,130,206
PEKAN SABTU 8,22257,72,159,231
PEKAN SABTU 9,22257,60,166,226
PEKAN SABTU 14,22257,73,89,162
PEKAN SABTU 15,22257,81,145,226
PEKAN SABTU 16,22257,74,155,229
PEKAN SABTU 17,22257,64,144,208
PEKAN SABTU 18,22257,68,135,203
PEKAN SABTU 19,22257,81,104,185
BUMI AYU 2,22258,103,122,225
BUMI AYU 3,22258,44,53,97
BUMI AYU 4,22258,91,103,194
BUMI AYU 5,22258,126,94,220
BUMI AYU 6,22258,120,105,225
BUMI AYU 7,22258,60,82,142
BUMI AYU 8,22258,42,120,162
BUMI AYU 9,22258,124,147,271
BUMI AYU 10,22258,119,100,219
BUMI AYU 11,22258,86,141,227
BUMI AYU 12,22258,89,129,218
BUMI AYU 13,22258,97,159,256
BUMI AYU 14,22258,148,57,205
BUMI AYU 15,22258,88,168,256
BUMI AYU 16,22258,47,112,159
BUMI AYU 17,22258,67,75,142
BUMI AYU 18,22258,120,134,254
BUMI AYU 19,22258,78,62,140
BUMI AYU 20,22258,71,152,223
BUMI AYU 21,22258,73,103,176
BUMI AYU 22,22258,98,110,208
BUMI AYU 23,22258,83,58,141
BUMI AYU 25,22258,62,62,124
BUMI AYU 26,22258,103,37,140
BUMI AYU 27,22258,83,105,188
SUMUR DEWA 1,22259,107,167,274
SUMUR DEWA 2,22259,76,138,214
SUMUR DEWA 3,22259,105,123,228
SUMUR DEWA 4,22259,90,123,213
SUMUR DEWA 5,22259,116,116,232
SUMUR DEWA 6,22259,90,109,199
SUMUR DEWA 8,22259,71,58,129
SUMUR DEWA 9,22259,90,69,159
SUMUR DEWA 10,22259,93,129,222
SUMUR DEWA 11,22259,70,142,212
SUMUR DEWA 12,22259,92,155,247
SUMUR DEWA 13,22259,92,150,242
SUMUR DEWA 14,22259,75,178,253
SUMUR DEWA 15,22259,138,95,233
SUMUR DEWA 16,22259,105,133,238
SUMUR DEWA 17,22259,169,83,252
SUMUR DEWA 18,22259,121,27,148
SUMUR DEWA 19,22259,103,144,247
SUMUR DEWA 20,22259,41,84,125
SUMUR DEWA 21,22259,68,119,187
SUMUR DEWA 22,22259,81,69,150
SUMUR DEWA 23,22259,66,160,226
PADANG HARAPAN 1,22261,82,111,193
PADANG HARAPAN 2,22261,90,188,278
PADANG HARAPAN 3,22261,35,99,134
PADANG HARAPAN 4,22261,62,131,193
PADANG HARAPAN 5,22261,93,144,237
PADANG HARAPAN 6,22261,81,184,265
PADANG HARAPAN 7,22261,71,104,175
PADANG HARAPAN 8,22261,36,90,126
PADANG HARAPAN 9,22261,52,126,178
PADANG HARAPAN 10,22261,122,132,254
PADANG HARAPAN 11,22261,78,70,148
PADANG HARAPAN 12,22261,77,194,271
PADANG HARAPAN 13,22261,118,92,210
PADANG HARAPAN 14,22261,61,173,234
PADANG HARAPAN 15,22261,32,69,101
JALAN GEDANG 2,22264,93,132,225
JALAN GEDANG 3,22264,84,144,228
JALAN GEDANG 5,22264,119,114,233
JALAN GEDANG 6,22264,81,120,201
JALAN GEDANG 7,22264,80,144,224
JALAN GEDANG 8,22264,87,149,236
JALAN GEDANG 9,22264,92,138,230
JALAN GEDANG 10,22264,137,130,267
JALAN GEDANG 11,22264,69,93,162
JALAN GEDANG 12,22264,84,164,248
JALAN GEDANG 13,22264,71,101,172
JALAN GEDANG 14,22264,83,121,204
LINGKAR BARAT 1,22265,85,115,200
LINGKAR BARAT 2,22265,100,127,228
LINGKAR BARAT 3,22265,96,139,235
LINGKAR BARAT 5,22265,124,135,259
LINGKAR BARAT 6,22265,85,143,228
LINGKAR BARAT 8,22265,82,137,219
LINGKAR BARAT 9,22265,115,96,211
LINGKAR BARAT 11,22265,96,140,236
LINGKAR BARAT 12,22265,97,170,267
LINGKAR BARAT 13,22265,90,177,267
LINGKAR BARAT 14,22265,130,127,257
LINGKAR BARAT 15,22265,174,95,269
LINGKAR BARAT 17,22265,98,150,248
LINGKAR BARAT 18,22265,84,195,279
LINGKAR BARAT 19,22265,71,100,171
LINGKAR BARAT 20,22265,82,97,179
LINGKAR BARAT 21,22265,104,119,223
LINGKAR BARAT 22,22265,100,148,248
SIDO MULYO 1,22269,135,107,242
SIDO MULYO 3,22269,63,178,241
SIDO MULYO 4,22269,63,148,211
SIDO MULYO 5,22269,68,124,192
SIDO MULYO 6,22269,63,94,157
SIDO MULYO 7,22269,82,88,170
SIDO MULYO 8,22269,116,130,246
SIDO MULYO 9,22269,74,154,228
SIDO MULYO 10,22269,56,98,155
SIDO MULYO 11,22269,54,112,166
SIDO MULYO 12,22269,70,101,171
SIDO MULYO 13,22269,116,132,248
SIDO MULYO 14,22269,98,142,240
SIDO MULYO 15,22269,84,135,219
SIDO MULYO 16,22269,66,148,214
SIDO MULYO 17,22269,86,150,236
SIDO MULYO 18,22269,42,98,140
SIDO MULYO 19,22269,124,121,245
SIDO MULYO 20,22269,83,74,157
SIDO MULYO 21,22269,95,157,252
SIDO MULYO 23,22269,52,136,188
SIDO MULYO 24,22269,53,95,148
SIDO MULYO 25,22269,40,110,150
SIDO MULYO 27,22269,59,213,272
SIDO MULYO 28,22269,106,158,264
SIDO MULYO 29,22269,35,66,101
SIDO MULYO 30,22269,100,99,199
SIDO MULYO 31,22269,81,112,193
SIDO MULYO 32,22269,107,148,255
SIDO MULYO 33,22269,95,133,228
SIDO MULYO 34,22269,90,140,230
SIDO MULYO 35,22269,78,150,228
SIDO MULYO 36,22269,26,95,121
CEMPAKA PERMAI 3,22270,106,104,210
CEMPAKA PERMAI 4,22270,79,148,227
CEMPAKA PERMAI 5,22270,72,149,221
CEMPAKA PERMAI 7,22270,74,161,235
CEMPAKA PERMAI 8,22270,90,157,247
CEMPAKA PERMAI 9,22270,93,183,276
CEMPAKA PERMAI 10,22270,106,127,233
CEMPAKA PERMAI 11,22270,87,168,255
CEMPAKA PERMAI 12,22270,63,204,267
BERKAS 1,22273,119,106,225
BERKAS 2,22273,114,115,229
BERKAS 3,22273,58,169,227
BERKAS 4,22273,101,145,246
BERKAS 5,22273,132,92,224
PASAR BARU 1,22274,88,135,223
PASAR BARU 2,22274,59,89,148
PASAR BARU 3,22274,108,128,236
JITRA 2,22275,93,136,229
JITRA 3,22275,102,84,186
PASAR MELINTANG 1,22276,91,80,171
PASAR MELINTANG 2,22276,115,127,242
PASAR MELINTANG 3,22276,125,146,271
PASAR MELINTANG 4,22276,98,131,229
KEBUN ROS 1,22277,89,125,214
KEBUN ROS 2,22277,115,88,203
KEBUN ROS 3,22277,136,96,232
KEBUN ROS 4,22277,9,106,225
KEBUN ROS 5,22277,95,161,256
PINTU BATU 1,22278,79,89,168
PINTU BATU 2,22278,65,126,191
PINTU BATU 3,22278,99,124,223
KEBUN KELING 1,22279,107,109,216
KEBUN KELING 2,22279,70,135,205
KEBUN KELING 3,22279,87,123,210
KEBUN KELING 4,22279,117,93,210
PONDOK BESI 1,22280,115,143,258
PONDOK BESI 2,22280,101,139,240
PONDOK BESI 3,22280,102,150,252
PONDOK BESI 4,22280,113,127,240
SUMUR MELELEH 1,22281,112,128,240
SUMUR MELELEH 2,22281,108,138,246
SUMUR MELELEH 3,22281,54,140,194
BAJAK 7,22282,80,98,178
TENGAH PADANG 1,22283,113,140,253
TENGAH PADANG 2,22283,91,117,208
TENGAH PADANG 3,22283,79,124,203
TENGAH PADANG 4,22283,87,80,167
TENGAH PADANG 5,22283,80,125,205
TENGAH PADANG 6,22283,98,62,160
TENGAH PADANG 7,22283,75,123,198
TENGAH PADANG 8,22283,74,111,185
TENGAH PADANG 9,22283,98,120,218
TENGAH PADANG 10,22283,100,137,237
TENGAH PADANG 11,22283,102,114,216
KAMPUNG BALI 1,22284,89,123,212
KAMPUNG BALI 2,22284,125,130,255
KAMPUNG BALI 3,22284,77,111,188
KAMPUNG BALI 4,22284,63,148,211
MALABERO 1,22285,69,167,236
MALABERO 2,22285,63,169,232
MALABERO 3,22285,103,132,235
MALABERO 5,22285,98,123,221
MALABERO 7,22285,19,78,97
KANDANG LIMUN 1,22287,77,146,223
KANDANG LIMUN 2,22287,47,79,126
KANDANG LIMUN 3,22287,95,114,209
KANDANG LIMUN 4,22287,75,48,123
KANDANG LIMUN 5,22287,77,128,205
KANDANG LIMUN 6,22287,71,80,151
KANDANG LIMUN 7,22287,61,74,135
KANDANG LIMUN 8,22287,124,123,247
KANDANG LIMUN 9,22287,95,141,236
KANDANG LIMUN 11,22287,91,127,218
KANDANG LIMUN 12,22287,48,81,129
KANDANG LIMUN 13,22287,132,121,253
KANDANG LIMUN 14,22287,130,118,248
KANDANG LIMUN 16,22287,108,138,246
KANDANG LIMUN 17,22287,61,136,197
KANDANG LIMUN 19,22287,4,20,24
BENTIRING 2,22288,83,74,157
BENTIRING 4,22288,64,126,190
BENTIRING 5,22288,91,123,214
BENTIRING 6,22288,23,85,108
BENTIRING 8,22288,66,109,175
BENTIRING 9,22288,126,119,245
BENTIRING 10,22288,94,142,236
BENTIRING 11,22288,75,184,259
BENTIRING 12,22288,61,144,205
BENTIRING 14,22288,103,172,275
BENTIRING 18,22288,81,85,166
BENTIRING 20,22288,87,83,170
PEMATANG GUBERNUR 1,22289,86,157,243
PEMATANG GUBERNUR 2,22289,67,176,243
PEMATANG GUBERNUR 4,22289,65,149,214
PEMATANG GUBERNUR 6,22289,66,146,212
PEMATANG GUBERNUR 7,22289,60,150,210
PEMATANG GUBERNUR 8,22289,70,127,197
PEMATANG GUBERNUR 9,22289,94,138,232
PEMATANG GUBERNUR 10,22289,59,116,175
PEMATANG GUBERNUR 11,22289,80,80,160
PEMATANG GUBERNUR 13,22289,102,155,257
PEMATANG GUBERNUR 14,22289,77,140,217
PEMATANG GUBERNUR 15,22289,35,152,187
PEMATANG GUBERNUR 16,22289,74,116,190
PEMATANG GUBERNUR 17,22289,50,91,141
PEMATANG GUBERNUR 18,22289,116,111,227
PEMATANG GUBERNUR 19,22289,86,161,247
PEMATANG GUBERNUR 20,22289,120,116,236
PEMATANG GUBERNUR 21,22289,99,138,237
PEMATANG GUBERNUR 22,22289,65,184,249
PEMATANG GUBERNUR 23,22289,101,177,278
PEMATANG GUBERNUR 24,22289,106,118,224
RAWA MAKMUR 1,22290,97,135,232
RAWA MAKMUR 2,22290,53,93,146
RAWA MAKMUR 3,22290,114,66,180
RAWA MAKMUR 4,22290,47,148,195
RAWA MAKMUR 5,22290,71,169,240
RAWA MAKMUR 6,22290,99,106,205
RAWA MAKMUR 7,22290,53,163,216
RAWA MAKMUR 8,22290,70,158,228
RAWA MAKMUR 9,22290,87,150,237
RAWA MAKMUR 11,22290,66,118,183
RAWA MAKMUR 12,22290,129,86,215
RAWA MAKMUR 13,22290,91,94,185
RAWA MAKMUR 14,22290,77,135,212
RAWA MAKMUR 15,22290,72,111,183
RAWA MAKMUR 16,22290,38,85,123
RAWA MAKMUR 18,22290,34,94,128
RAWA MAKMUR 19,22290,53,112,165
RAWA MAKMUR 20,22290,156,78,234
RAWA MAKMUR 21,22290,40,86,126
BERINGIN RAYA 2,22291,66,114,180
BERINGIN RAYA 3,22291,62,75,137
BERINGIN RAYA 4,22291,76,131,207
BENTIRING PERMAI 1,22292,93,90,183
BENTIRING PERMAI 2,22292,68,131,199
BENTIRING PERMAI 3,22292,68,109,177
BENTIRING PERMAI 4,22292,77,130,207
BENTIRING PERMAI 5,22292,107,157,264
BENTIRING PERMAI 6,22292,52,161,191
BENTIRING PERMAI 7,22292,90,84,174
BENTIRING PERMAI 8,22292,64,55,119
BENTIRING PERMAI 9,22292,89,114,203
BENTIRING PERMAI 10,22292,75,101,176
BENTIRING PERMAI 11,22292,56,86,142
BENTIRING PERMAI 12,22292,45,53,98
BENTIRING PERMAI 13,22292,42,90,132
BENTIRING PERMAI 14,22292,26,121,147
BENTIRING PERMAI 15,22292,80,111,191
BENTIRING PERMAI 16,22292,65,76,141
BENTIRING PERMAI 17,22292,83,98,181
BENTIRING PERMAI 18,22292,84,75,159
BENTIRING PERMAI 19,22292,45,59,104
BENTIRING PERMAI 20,22292,119,129,248
BENTIRING PERMAI 21,22292,90,103,193
BENTIRING PERMAI 22,22292,66,150,216
BENTIRING PERMAI 23,22292,58,112,170
BENTIRING PERMAI 24,22292,33,80,113
BENTIRING PERMAI 25,22292,56,79,135
BENTIRING PERMAI 26,22292,57,95,152
RAWA MAKMUR PERMAI 1,22293,93,131,224
RAWA MAKMUR PERMAI 2,22293,43,86,129
RAWA MAKMUR PERMAI 3,22293,92,80,172
RAWA MAKMUR PERMAI 4,22293,61,148,209
RAWA MAKMUR PERMAI 5,22293,63,90,153
RAWA MAKMUR PERMAI 6,22293,89,86,175
RAWA MAKMUR PERMAI 7,22293,83,76,159
RAWA MAKMUR PERMAI 8,22293,62,66,128
RAWA MAKMUR PERMAI 9,22293,64,89,153
RAWA MAKMUR PERMAI 10,22293,53,64,117
RAWA MAKMUR PERMAI 11,22293,120,124,244
RAWA MAKMUR PERMAI 12,22293,69,56,125
RAWA MAKMUR PERMAI 13,22293,119,122,241
RAWA MAKMUR PERMAI 14,22293,74,70,144
RAWA MAKMUR PERMAI 15,22293,49,59,108
RAWA MAKMUR PERMAI 16,22293,40,66,106
RAWA MAKMUR PERMAI 17,22293,76,96,172
KANDANG 5,22295,106,59,165
KANDANG 8,22295,106,113,219
KANDANG 11,22295,113,77,190
KANDANG 12,22295,116,77,193
KANDANG 14,22295,106,68,174
KANDANG 18,22295,113,108,221
KANDANG 19,22295,79,106,185
PADANG SERAI 2,22296,136,78,214
PADANG SERAI 3,22296,129,48,177
PADANG SERAI 4,22296,111,75,186
PADANG SERAI 5,22296,117,65,182
PADANG SERAI 9,22296,116,62,178
PADANG SERAI 10,22296,123,38,161
PADANG SERAI 16,22296,137,47,3
KANDANG MAS 1,22297,118,131,249
KANDANG MAS 2,22297,83,154,237
KANDANG MAS 3,22297,88,160,248
KANDANG MAS 4,22297,85,160,245
KANDANG MAS 5,22297,72,194,266
KANDANG MAS 6,22297,103,148,251
KANDANG MAS 7,22297,106,111,217
KANDANG MAS 8,22297,114,140,254
KANDANG MAS 9,22297,102,162,264
KANDANG MAS 10,22297,109,129,238
KANDANG MAS 11,22297,122,155,277
KANDANG MAS 12,22297,120,122,242
KANDANG MAS 13,22297,107,150,257
KANDANG MAS 14,22297,120,125,245
KANDANG MAS 15,22297,106,100,206
KANDANG MAS 16,22297,121,119,240
KANDANG MAS 17,22297,98,104,202
KANDANG MAS 18,22297,132,67,199
KANDANG MAS 19,22297,72,109,181
KANDANG MAS 20,22297,84,123,207
KANDANG MAS 21,22297,112,89,201
KANDANG MAS 22,22297,95,122,217
KANDANG MAS 23,22297,99,150,249
KANDANG MAS 24,22297,108,127,235
KANDANG MAS 25,22297,86,105,191
KANDANG MAS 26,22297,93,164,257
KANDANG MAS 27,22297,125,75,200
KANDANG MAS 28,22297,153,76,229
KANDANG MAS 29,22297,85,132,217
TELUK SEPANG 2,22298,149,56,205
SUMBER JAYA 1,22299,172,24,196
SUMBER JAYA 2,22299,164,22,186
SUMBER JAYA 3,22299,163,60,223
SUMBER JAYA 5,22299,172,28,200
SUMBER JAYA 6,22299,163,31,194
SUMBER JAYA 7,22299,174,43,217
SUMBER JAYA 8,22299,156,69,225
SUMBER JAYA 9,22299,188,25,213
SUMBER JAYA 12,22299,98,85,183
SUMBER JAYA 13,22299,97,97,194
SUMBER JAYA 15,22299,133,109,242
SUMBER JAYA 16,22299,114,89,203
SUMBER JAYA 19,22299,96,44,140
SUMBER JAYA 20,22299,132,67,199
SUMBER JAYA 22,22299,158,36,194
MUARA DUA 4,22300,91,67,158
MUARA DUA 5,22300,87,116,203
MUARA DUA 6,22300,88,73,161
KEBUN TEBENG 1,22302,73,106,179
KEBUN TEBENG 2,22302,84,83,167
KEBUN TEBENG 3,22302,82,148,230
KEBUN TEBENG 4,22302,98,115,213
KEBUN TEBENG 5,22302,110,131,241
KEBUN TEBENG 6,22302,104,134,238
KEBUN TEBENG 7,22302,92,134,226
KEBUN TEBENG 8,22302,101,169,270
KEBUN TEBENG 9,22302,127,125,252
KEBUN TEBENG 10,22302,121,117,238
KEBUN TEBENG 11,22302,108,125,233
KEBUN TEBENG 12,22302,134,112,246
KEBUN TEBENG 13,22302,82,141,223
KEBUN TEBENG 14,22302,93,139,232
KEBUN TEBENG 15,22302,121,131,252
TANAH PATAH 1,22303,89,142,231
TANAH PATAH 6,22303,93,122,215
TANAH PATAH 8,22303,96,128,224
TANAH PATAH 9,22303,130,130,260
TANAH PATAH 10,22303,65,140,205
TANAH PATAH 11,22303,105,138,243
TANAH PATAH 12,22303,87,132,219
TANAH PATAH 13,22303,43,146,189
TANAH PATAH 14,22303,120,136,256
TANAH PATAH 16,22303,46,108,154
TANAH PATAH 17,22303,65,48,113
NUSA INDAH 1,22304,78,134,212
NUSA INDAH 2,22304,71,145,216
NUSA INDAH 3,22304,59,95,154
NUSA INDAH 4,22304,61,164,225
NUSA INDAH 5,22304,91,134,225
NUSA INDAH 6,22304,74,181,255
NUSA INDAH 7,22304,75,132,207
NUSA INDAH 8,22304,68,147,215
NUSA INDAH 9,22304,74,122,196
NUSA INDAH 10,22304,108,125,233
NUSA INDAH 11,22304,70,168,238
NUSA INDAH 12,22304,82,99,181
NUSA INDAH 13,22304,62,92,154
NUSA INDAH 14,22304,78,126,204
NUSA INDAH 15,22304,48,83,131
NUSA INDAH 16,22304,46,103,149
KEBUN BELER 1,22305,105,71,176
KEBUN BELER 4,22305,78,149,227
KEBUN BELER 5,22305,82,160,242
KEBUN BELER 6,22305,83,142,225
KEBUN BELER 7,22305,113,88,201
KEBUN BELER 8,22305,78,137,215
KEBUN BELER 9,22305,97,119,216
KEBUN BELER 10,22305,110,77,187
KEBUN BELER 11,22305,101,100,201
KEBUN KENANGA 1,22306,80,119,199
KEBUN KENANGA 2,22306,76,109,185
KEBUN KENANGA 3,22306,87,134,221
KEBUN KENANGA 4,22306,71,123,194
KEBUN KENANGA 5,22306,80,134,214
KEBUN KENANGA 6,22306,74,168,242
KEBUN KENANGA 7,22306,66,172,238
KEBUN KENANGA 8,22306,91,75,166
KEBUN KENANGA 9,22306,89,128,217
KEBUN KENANGA 10,22306,110,121,231
KEBUN KENANGA 11,22306,85,171,260
KEBUN KENANGA 12,22306,82,116,198
KEBUN KENANGA 13,22306,78,104,182
KEBUN KENANGA 14,22306,90,95,185
KEBUN KENANGA 15,22306,71,104,175
KEBUN KENANGA 16,22306,107,47,154
SAWAH LEBAR 1,22307,107,152,266
SAWAH LEBAR 2,22307,85,153,238
SAWAH LEBAR 4,22307,77,72,149
SAWAH LEBAR 5,22307,111,117,228
SAWAH LEBAR 6,22307,63,138,201
SAWAH LEBAR 7,22307,121,119,240
SAWAH LEBAR 8,22307,80,92,172
SAWAH LEBAR 9,22307,65,103,168
SAWAH LEBAR 10,22307,87,142,229
SAWAH LEBAR 11,22307,70,137,207
SAWAH LEBAR 12,22307,111,110,221
SAWAH LEBAR 13,22307,83,123,206
SAWAH LEBAR 14,22307,106,122,228
SAWAH LEBAR 15,22307,99,118,217
SAWAH LEBAR 16,22307,55,163,218
SAWAH LEBAR 17,22307,94,148,242
SAWAH LEBAR 18,22307,111,140,251
SAWAH LEBAR 19,22307,72,164,236
SAWAH LEBAR 20,22307,95,171,266
SAWAH LEBAR 21,22307,51,160,211
SAWAH LEBAR 22,22307,88,127,215
SAWAH LEBAR 23,22307,81,128,209
SAWAH LEBAR BARU 1,22308,126,133,259
SAWAH LEBAR BARU 2,22308,83,163,246
SAWAH LEBAR BARU 3,22308,60,161,221
SAWAH LEBAR BARU 4,22308,53,115,168
SAWAH LEBAR BARU 5,22308,85,155,240
SAWAH LEBAR BARU 6,22308,105,131,236
SAWAH LEBAR BARU 7,22308,52,61,113
SAWAH LEBAR BARU 8,22308,102,185,287
SAWAH LEBAR BARU 9,22308,59,127,186
SAWAH LEBAR BARU 10,22308,75,125,200
SAWAH LEBAR BARU 11,22308,79,169,248
SAWAH LEBAR BARU 12,22308,82,188,270
SAWAH LEBAR BARU 13,22308,74,117,191
SAWAH LEBAR BARU 15,22308,69,111,180
SAWAH LEBAR BARU 16,22308,112,129,241
SAWAH LEBAR BARU 17,22308,142,132,274
SAWAH LEBAR BARU 18,22308,88,130,218
SAWAH LEBAR BARU 19,22308,75,152,227
SAWAH LEBAR BARU 20,22308,73,133,206
SAWAH LEBAR BARU 21,22308,62,139,201
SAWAH LEBAR BARU 22,22308,74,111,185
SAWAH LEBAR BARU 23,22308,48,97,145
SAWAH LEBAR BARU 24,22308,48,84,132
LEMPUING 1,22309,118,112,230
LEMPUING 2,22309,88,104,192
LEMPUING 3,22309,102,107,209
LEMPUING 4,22309,124,119,243
LEMPUING 5,22309,119,112,231
LEMPUING 6,22309,140,97,237
LEMPUING 7,22309,114,141,255
LEMPUING 8,22309,85,106,191
LEMPUING 9,22309,87,92,179
LEMPUING 10,22309,130,117,247
LEMPUING 11,22309,115,115,230
LEMPUING 12,22309,126,101,227
LEMPUING 13,22309,74,101,175
LEMPUING 14,22309,84,134,218
PENURUNAN 1,22311,79,84,163
PENURUNAN 2,22311,102,75,177
PENURUNAN 3,22311,57,77,134
PENURUNAN 4,22311,72,83,155
PENURUNAN 5,22311,52,152,204
PENURUNAN 6,22311,73,121,194
PENURUNAN 7,22311,74,122,196
PENURUNAN 8,22311,97,157,254
PENURUNAN 9,22311,76,119,195
PENURUNAN 10,22311,65,133,198
PENURUNAN 11,22311,132,54,186
PENURUNAN 12,22311,96,130,226
PENURUNAN 13,22311,127,83,210
PENURUNAN 14,22311,63,116,179
PENURUNAN 15,22311,54,99,153
PENURUNAN 16,22311,75,106,181
KEBUN DAHRI 1,22312,41,164,205
KEBUN DAHRI 2,22312,32,150,182
KEBUN DAHRI 3,22312,38,134,172
KEBUN DAHRI 6,22312,61,100,161
BELAKANG PONDOK 1,22313,52,108,160
BELAKANG PONDOK 3,22313,57,72,129
BELAKANG PONDOK 5,22313,47,152,199
BELAKANG PONDOK 7,22313,52,79,131
BELAKANG PONDOK 8,22313,62,97,159
BELAKANG PONDOK 9,22313,54,89,143
ANGGUT DALAM 2,22314,76,112,188
KEBUN GERAN 1,22315,103,80,183
KEBUN GERAN 2,22315,128,93,221
KEBUN GERAN 4,22315,93,117,210
ANGGUT ATAS 2,22316,71,144,215
ANGGUT ATAS 5,22316,90,122,212
PADANG JATI 2,22318,77,132,209
PADANG JATI 3,22318,105,105,210
PADANG JATI 4,22318,84,120,204
PADANG JATI 5,22318,73,151,224
PADANG JATI 6,22318,67,105,172
PADANG JATI 7,22318,102,114,216
PADANG JATI 8,22318,78,51,129
PADANG JATI 9,22318,59,63,122
PADANG JATI 10,22318,92,86,178
PENGANTUNGAN 1,84788,69,172,241
PENGANTUNGAN 2,84788,62,160,222
PENGANTUNGAN 3,84788,74,147,221
PENGANTUNGAN 4,84788,36,187,223
PENGANTUNGAN 5,84788,30,180,210
PENGANTUNGAN 6,84788,84,144,228
PENGANTUNGAN 7,84788,59,143,202
PENGANTUNGAN 8,84788,40,161,201
KAMPUNG KELAWI 1,22321,93,129,222
KAMPUNG KELAWI 2,22321,131,102,233
KAMPUNG KELAWI 3,22321,101,101,202
KAMPUNG KELAWI 4,22321,96,125,221
KAMPUNG KELAWI 5,22321,123,120,243
KAMPUNG KELAWI 6,22321,154,97,251
SEMARANG 1,22322,83,166,249
SEMARANG 2,22322,121,127,248
SEMARANG 3,22322,111,140,251
SEMARANG 4,22322,117,149,266
SEMARANG 5,22322,121,117,238
TANJUNG AGUNG 1,22323,127,124,251
TANJUNG AGUNG 2,22323,92,120,212
TANJUNG AGUNG 3,22323,94,82,176
TANJUNG JAYA 1,22324,76,112,188
TANJUNG JAYA 2,22324,79,94,173
TANJUNG JAYA 3,22324,111,138,249
TANJUNG JAYA 4,22324,106,156,262
SURABAYA 1,22325,135,124,259
SURABAYA 2,22325,99,137,236
SURABAYA 3,22325,123,166,289
SURABAYA 4,22325,172,100,272
SURABAYA 5,22325,69,137,206
SURABAYA 6,22325,62,112,174
SURABAYA 7,22325,84,176,260
SURABAYA 8,22325,67,152,219
SURABAYA 9,22325,90,179,269
SURABAYA 10,22325,78,124,202
SURABAYA 11,22325,99,155,254
SURABAYA 12,22325,75,107,182
SURABAYA 13,22325,98,109,207
SURABAYA 14,22325,113,144,257
SURABAYA 15,22325,44,87,131
SURABAYA 17,22325,88,158,246
SURABAYA 18,22325,63,202,265
SURABAYA 19,22325,91,101,192
SURABAYA 20,22325,113,160,273
SURABAYA 21,22325,61,181,242
PASAR BENGKULU 1,22326,104,112,216
PASAR BENGKULU 2,22326,120,122,242
PASAR BENGKULU 3,22326,68,152,220
PASAR BENGKULU 4,22326,90,123,213
PASAR BENGKULU 5,22326,106,111,217
SUKA MERINDU 1,22327,41,129,170
SUKA MERINDU 2,22327,81,93,174
SUKA MERINDU 3,22327,73,188,258
SUKA MERINDU 4,22327,56,97,153
SUKA MERINDU 5,22327,63,105,168
SUKA MERINDU 6,22327,63,84,147
SUKA MERINDU 7,22327,81,105,186
SUKA MERINDU 8,22327,109,104,213
SUKA MERINDU 9,22327,64,133,197
SUKA MERINDU 10,22327,59,85,144
SUKA MERINDU 11,22327,89,128,217
SUKA MERINDU 12,22327,75,79,154
SUKA MERINDU 13,22327,79,134,213
SUKA MERINDU 14,22327,88,105,193
SUKA MERINDU 15,22327,65,100,165
SUKA MERINDU 16,22327,84,114,198
SUKA MERINDU 17,22327,95,139,234
SUKA MERINDU 18,22327,75,117,192
PANORAMA 1,22262,42,134,176
PANORAMA 2,22262,53,99,152
PANORAMA 3,22262,86,54,140
PANORAMA 4,22262,87,163,250
PANORAMA 5,22262,84,105,189
PANORAMA 6,22262,67,107,174
PANORAMA 7,22262,77,77,154
PANORAMA 8,22262,67,59,126
PANORAMA 9,22262,64,137,201
PANORAMA 10,22262,109,127,236
PANORAMA 11,22262,72,120,192
PANORAMA 12,22262,59,112,171
PANORAMA 13,22262,65,78,143
PANORAMA 14,22262,48,83,131
PANORAMA 15,22262,43,66,109
PANORAMA 17,22262,75,84,159
PANORAMA 18,22262,85,103,188
PANORAMA 19,22262,47,97,144
PANORAMA 20,22262,74,66,140
PANORAMA 22,22262,66,86,152
PANORAMA 23,22262,69,89,158
PANORAMA 24,22262,60,40,100
PANORAMA 25,22262,86,76,162
PANORAMA 27,22262,76,74,150
PANORAMA 28,22262,117,76,193
PANORAMA 29,22262,78,78,156
PANORAMA 30,22262,78,76,154
PANORAMA 31,22262,67,51,118
PANORAMA 32,22262,85,84,169
PANORAMA 35,22262,50,85,135
PANORAMA 36,22262,40,58,98
PANORAMA 39,22262,69,73,142
PANORAMA 40,22262,126,116,242
PANORAMA 41,22262,96,94,190
PANORAMA 42,22262,92,146,238
PANORAMA 45,22262,85,95,180
PANORAMA 47,22262,72,102,174
PANORAMA 48,22262,59,66,125
JEMBATAN KECIL 1,22263,111,189,300
JEMBATAN KECIL 2,22263,103,124,227
JEMBATAN KECIL 3,22263,118,109,227
JEMBATAN KECIL 4,22263,67,91,158
JEMBATAN KECIL 5,22263,70,105,175
JEMBATAN KECIL 6,22263,77,90,167
JEMBATAN KECIL 7,22263,72,99,171
JEMBATAN KECIL 8,22263,83,88,171
JEMBATAN KECIL 9,22263,56,52,108
JEMBATAN KECIL 10,22263,69,147,216
DUSUN BESAR 1,22266,101,98,199
DUSUN BESAR 2,22266,96,74,170
DUSUN BESAR 4,22266,87,163,250
DUSUN BESAR 5,22266,87,143,230
DUSUN BESAR 6,22266,68,77,145
DUSUN BESAR 7,22266,89,70,159
DUSUN BESAR 8,22266,70,126,196
DUSUN BESAR 9,22266,41,89,130
DUSUN BESAR 10,22266,69,117,186
DUSUN BESAR 11,22266,118,132,250
DUSUN BESAR 12,22266,65,94,159
DUSUN BESAR 13,22266,67,69,136
DUSUN BESAR 14,22266,86,101,187
DUSUN BESAR 15,22266,68,86,154
DUSUN BESAR 16,22266,63,130,193
DUSUN BESAR 17,22266,99,165,264
DUSUN BESAR 18,22266,105,136,241
DUSUN BESAR 20,22266,84,75,159
DUSUN BESAR 21,22266,83,115,198
DUSUN BESAR 22,22266,80,84,164
DUSUN BESAR 23,22266,65,80,145
PADANG NANGKA 1,22267,81,132,213
PADANG NANGKA 4,22267,100,173,273
PADANG NANGKA 6,22267,96,144,240
PADANG NANGKA 9,22267,52,67,119
PADANG NANGKA 13,22267,93,104,197
PADANG NANGKA 15,22267,82,74,156
PADANG NANGKA 16,22267,59,78,137
TIMUR INDAH 1,22268,68,92,160
TIMUR INDAH 2,22268,53,92,145
TIMUR INDAH 4,22268,52,72,124
TIMUR INDAH 5,22268,60,90,150
TIMUR INDAH 6,22268,76,105,181
TIMUR INDAH 7,22268,77,148,225
TIMUR INDAH 8,22268,76,148,224
TIMUR INDAH 9,22268,42,128,170
TIMUR INDAH 10,22268,81,145,226
TIMUR INDAH 11,22268,91,118,209
TIMUR INDAH 12,22268,72,107,179
LINGKAR TIMUR 1,22271,104,140,244
LINGKAR TIMUR 2,22271,60,194,254
LINGKAR TIMUR 4,22271,61,107,168
LINGKAR TIMUR 5,22271,84,162,246
LINGKAR TIMUR 6,22271,115,128,243
LINGKAR TIMUR 7,22271,108,153,261
LINGKAR TIMUR 8,22271,72,76,148
LINGKAR TIMUR 9,22271,41,121,162
LINGKAR TIMUR 10,22271,55,171,226
LINGKAR TIMUR 11,22271,86,125,211
LINGKAR TIMUR 12,22271,41,83,124
LINGKAR TIMUR 13,22271,33,77,110
LINGKAR TIMUR 14,22271,160,24,184
